{
  "configuration": {
    "default_parameters": {
      "absolute_regularization": 0.2,
      "covariance_mode": 0,
      "gaussians": 1,
      "hierarchical": true,
      "regression_estimator": 0,
      "relative_regularization": 0.2,
      "states": 20,
      "transition_mode": 1
    },
    "multiClass_regression_estimator": 0,
    "multithreading": 0
  },
  "exit_transition": [
    0.1,
    0.1,
    0.1,
    0.1
  ],
  "models": [
    {
      "exitProbabilities": [
        0,
        0,
        0,
        0,
        0,
        0,
        0,
        0,
        0,
        0,
        0,
        0,
        0,
        0,
        0,
        0,
        0,
        0,
        0,
        0.10000000149011612
      ],
      "label": "Block",
      "parameters": {
        "absolute_regularization": 0.2,
        "covariance_mode": 0,
        "gaussians": 1,
        "hierarchical": true,
        "regression_estimator": 0,
        "relative_regularization": 0.2,
        "states": 20,
        "transition_mode": 1
      },
      "states": [
        {
          "components": [
            {
              "bimodal": false,
              "covariance": [
                0.4920131663903109,
                0.0541693941173736,
                0.040047242297900985,
                -0.020326680277083495,
                0.02341988168619551,
                -0.0024106825767673543,
                0.0541693941173736,
                0.6540348403773706,
                0.04141031171273503,
                -0.018878075996061512,
                0.04196299923782641,
                -0.008859670298274586,
                0.040047242297900985,
                0.04141031171273503,
                0.595342946126305,
                -0.011650296363695207,
                0.03371502409707703,
                -0.008025656214110827,
                -0.020326680277083495,
                -0.018878075996061512,
                -0.011650296363695207,
                0.2551093135288588,
                -0.017497390555372357,
                0.003694494344663513,
                0.02341988168619551,
                0.04196299923782641,
                0.03371502409707703,
                -0.017497390555372357,
                0.2282475116163851,
                -0.007459224111194387,
                -0.0024106825767673543,
                -0.008859670298274586,
                -0.008025656214110827,
                0.003694494344663513,
                -0.007459224111194387,
                0.20401532585387866
              ],
              "covariance_determinant": 0.002160504492615328,
              "covariance_determinant_input": 0,
              "covariance_mode": 0,
              "dimension": 6,
              "dimension_input": 0,
              "inverse_covariance": [
                2.0717180017071,
                -0.15004666917300577,
                -0.11726991108743155,
                0.13777404218557718,
                -0.15693649263724946,
                0.005117716465390028,
                -0.15004666917300574,
                1.5658719389113427,
                -0.08222248315389,
                0.08209948196515042,
                -0.25234001082496627,
                0.05228003349605222,
                -0.11726991108743152,
                -0.08222248315389,
                1.7073881762378063,
                0.04670127394688792,
                -0.21973046254943893,
                0.05333025595503806,
                0.13777404218557715,
                0.08209948196515042,
                0.046701273946887924,
                3.958079712621092,
                0.26550098355766716,
                -0.054938811751710635,
                -0.1569364926372494,
                -0.2523400108249662,
                -0.21973046254943887,
                0.26550098355766716,
                4.501033959701378,
                0.13830272072717054,
                0.005117716465390029,
                0.05228003349605222,
                0.05333025595503806,
                -0.054938811751710635,
                0.13830272072717054,
                4.912072802737129
              ],
              "inverse_covariance_input": [],
              "mean": [
                -0.166558200405672,
                0.2758670141735862,
                0.1766322464829724,
                0.036939037144561364,
                0.006017094332855479,
                -0.01830374021523317
              ]
            }
          ],
          "label": "",
          "mixture_coeffs": [
            1
          ],
          "parameters": {
            "absolute_regularization": 0.2,
            "covariance_mode": 0,
            "gaussians": 1,
            "relative_regularization": 0.2
          }
        },
        {
          "components": [
            {
              "bimodal": false,
              "covariance": [
                7.947937197806583,
                2.553525778003016,
                0.0077215856055884435,
                1.169832739319948,
                1.1139223848696733,
                -0.33133542674366895,
                2.553525778003016,
                14.1979913191405,
                9.081118856971615,
                4.11500384673356,
                -0.13829116705591946,
                1.024245082877189,
                0.0077215856055884435,
                9.081118856971615,
                7.648338651754093,
                2.9626922725241824,
                -0.539561866664443,
                0.963423065701624,
                1.169832739319948,
                4.11500384673356,
                2.9626922725241824,
                1.6549467280337378,
                -0.07199165191790174,
                0.37500168412781487,
                1.1139223848696733,
                -0.13829116705591946,
                -0.539561866664443,
                -0.07199165191790174,
                0.5209320909183645,
                -0.2526723963511467,
                -0.33133542674366895,
                1.024245082877189,
                0.963423065701624,
                0.37500168412781487,
                -0.2526723963511467,
                0.5065954810383742
              ],
              "covariance_determinant": 4.839890438150626,
              "covariance_determinant_input": 0,
              "covariance_mode": 0,
              "dimension": 6,
              "dimension_input": 0,
              "inverse_covariance": [
                0.27002708352145777,
                -0.06164964335072521,
                0.2084483532615164,
                -0.4313971864030791,
                -0.43366809634177284,
                0.007873433398265503,
                -0.06164964335072519,
                0.4221886111904064,
                -0.39933899550915636,
                -0.294671400236198,
                -0.22406431497871507,
                -0.028092466714263045,
                0.2084483532615164,
                -0.39933899550915636,
                0.9681387418132276,
                -0.844378504558445,
                0.2667313558731218,
                -0.13936337482327654,
                -0.43139718640307917,
                -0.294671400236198,
                -0.844378504558445,
                3.246217785872894,
                0.24238223104040796,
                -0.3626592717402039,
                -0.4336680963417729,
                -0.22406431497871485,
                0.26673135587312147,
                0.2423822310404079,
                3.7546655418370785,
                1.3553982404412206,
                0.007873433398265368,
                -0.02809246671426283,
                -0.13936337482327696,
                -0.3626592717402036,
                1.3553982404412204,
                3.2454252530071557
              ],
              "inverse_covariance_input": [],
              "mean": [
                -2.2721322079039132,
                6.482064129205382,
                3.99054024069915,
                1.278008504380618,
                -0.004818586602081453,
                0.22402014679354923
              ]
            }
          ],
          "label": "",
          "mixture_coeffs": [
            1
          ],
          "parameters": {
            "absolute_regularization": 0.2,
            "covariance_mode": 0,
            "gaussians": 1,
            "relative_regularization": 0.2
          }
        },
        {
          "components": [
            {
              "bimodal": false,
              "covariance": [
                2.2842128632263203,
                -1.4581538099633922,
                -1.0674904996504715,
                1.4984491756286742,
                0.2838397694992713,
                -0.2653176179317973,
                -1.4581538099633922,
                38.766727397367845,
                23.55233195889795,
                -2.362456996619569,
                -2.902346733723813,
                0.2928381872355048,
                -1.0674904996504715,
                23.55233195889795,
                17.80728491298376,
                -0.9836192252099433,
                -1.2205533107364146,
                -0.07030694696102716,
                1.4984491756286742,
                -2.362456996619569,
                -0.9836192252099433,
                1.7580461687359124,
                0.5252149857528815,
                -0.22715963302160586,
                0.2838397694992713,
                -2.902346733723813,
                -1.2205533107364146,
                0.5252149857528815,
                0.629653496071515,
                -0.08964947731087557,
                -0.2653176179317973,
                0.2928381872355048,
                -0.07030694696102716,
                -0.22715963302160586,
                -0.08964947731087557,
                0.30329100257261177
              ],
              "covariance_determinant": 13.128128621800133,
              "covariance_determinant_input": 0,
              "covariance_mode": 0,
              "dimension": 6,
              "dimension_input": 0,
              "inverse_covariance": [
                1.177798602338727,
                -0.12812657349125942,
                0.19791073192843142,
                -1.0718866195109726,
                0.2220946565144722,
                0.4627465700505788,
                -0.12812657349125953,
                0.23735737786111155,
                -0.2830274602261157,
                0.09771904380375523,
                0.4950192165352238,
                -0.1873590101058373,
                0.19791073192843156,
                -0.2830274602261157,
                0.40498564283083566,
                -0.153055956934611,
                -0.4389685317416141,
                0.29589510161047095,
                -1.0718866195109729,
                0.09771904380375507,
                -0.15305595693461077,
                1.7839045949790946,
                -0.848552534057357,
                0.01777716012821144,
                0.22209465651447202,
                0.4950192165352241,
                -0.4389685317416145,
                -0.8485525340573565,
                3.634288023518526,
                0.0532745688421392,
                0.4627465700505787,
                -0.18735901010583725,
                0.2958951016104707,
                0.017777160128211452,
                0.05327456884213955,
                3.980528442814699
              ],
              "inverse_covariance_input": [],
              "mean": [
                1.7173766684418135,
                -2.588286564803626,
                1.2739829732343235,
                3.9969431841470984,
                1.2199660970904953,
                -0.5024650039256396
              ]
            }
          ],
          "label": "",
          "mixture_coeffs": [
            1
          ],
          "parameters": {
            "absolute_regularization": 0.2,
            "covariance_mode": 0,
            "gaussians": 1,
            "relative_regularization": 0.2
          }
        },
        {
          "components": [
            {
              "bimodal": false,
              "covariance": [
                2.080679432919692,
                -2.3241527557304176,
                -1.467133045881133,
                1.0003544778622935,
                0.18370283640769197,
                -0.25408819939062843,
                -2.3241527557304176,
                9.641925079568948,
                5.9688188302684795,
                -2.762996067724428,
                -1.1683370905632273,
                0.6635989508706247,
                -1.467133045881133,
                5.9688188302684795,
                7.0937857575441505,
                -1.108126032280014,
                -0.8134959854500712,
                0.385265455195166,
                1.0003544778622935,
                -2.762996067724428,
                -1.108126032280014,
                1.5380398279992198,
                0.28290790631330237,
                -0.1892229901318996,
                0.18370283640769197,
                -1.1683370905632273,
                -0.8134959854500712,
                0.28290790631330237,
                0.5553718884438033,
                -0.032609568537869164,
                -0.25408819939062843,
                0.6635989508706247,
                0.385265455195166,
                -0.1892229901318996,
                -0.032609568537869164,
                0.30646303022717414
              ],
              "covariance_determinant": 2.8324140084032168,
              "covariance_determinant_input": 0,
              "covariance_mode": 0,
              "dimension": 6,
              "dimension_input": 0,
              "inverse_covariance": [
                0.7726384269629814,
                0.014448037002502457,
                0.08349433582218528,
                -0.4055761869605138,
                0.11938300997658187,
                0.26662860690189344,
                0.014448037002502499,
                0.5345240906684502,
                -0.28777734500145397,
                0.6348347286950583,
                0.3539965681575098,
                -0.3540357844270449,
                0.08349433582218527,
                -0.28777734500145397,
                0.35321888625446285,
                -0.31906127339316737,
                0.05022893475605132,
                0.05666213758381166,
                -0.4055761869605138,
                0.6348347286950583,
                -0.3190612733931673,
                1.7851057601647629,
                0.0812846095680495,
                -0.1989499044559821,
                0.11938300997658194,
                0.35399656815750974,
                0.050228934756051315,
                0.0812846095680495,
                2.5137259452400196,
                -0.41302526815837126,
                0.26662860690189344,
                -0.35403578442704503,
                0.056662137583811736,
                -0.19894990445598218,
                -0.4130252681583714,
                4.01268799376076
              ],
              "inverse_covariance_input": [],
              "mean": [
                -0.5674523830366704,
                -6.482517558079223,
                -3.6887832106708753,
                2.8245609601275037,
                0.902674381384426,
                -0.48213459003778575
              ]
            }
          ],
          "label": "",
          "mixture_coeffs": [
            1
          ],
          "parameters": {
            "absolute_regularization": 0.2,
            "covariance_mode": 0,
            "gaussians": 1,
            "relative_regularization": 0.2
          }
        },
        {
          "components": [
            {
              "bimodal": false,
              "covariance": [
                4.361175751276223,
                2.1465778436859737,
                -1.9661103031541132,
                -0.5369367965534613,
                -0.07360074908335107,
                -0.2314772431976304,
                2.1465778436859737,
                7.809937636591918,
                1.8822188269257298,
                -0.25138575940983876,
                -1.29284784343158,
                0.4424832479046025,
                -1.9661103031541132,
                1.8822188269257298,
                4.0733875696556865,
                0.4253217159827435,
                -0.5422555222317911,
                0.5004062291845046,
                -0.5369367965534613,
                -0.25138575940983876,
                0.4253217159827435,
                0.3726753579030125,
                -0.014906504576706251,
                0.015684631093188885,
                -0.07360074908335107,
                -1.29284784343158,
                -0.5422555222317911,
                -0.014906504576706251,
                0.5204033009828841,
                -0.14604422538907966,
                -0.2314772431976304,
                0.4424832479046025,
                0.5004062291845046,
                0.015684631093188885,
                -0.14604422538907966,
                0.3923875781846626
              ],
              "covariance_determinant": 1.498210898823278,
              "covariance_determinant_input": 0,
              "covariance_mode": 0,
              "dimension": 6,
              "dimension_input": 0,
              "inverse_covariance": [
                0.5138290967500861,
                -0.24209254415181342,
                0.2978242960357523,
                0.22489164181862784,
                -0.17801810411378682,
                0.12106052577609423,
                -0.24209254415181342,
                0.35579676473317257,
                -0.20815733471633116,
                0.15589552624561945,
                0.6223150455033141,
                -0.05318578374942479,
                0.2978242960357524,
                -0.20815733471633127,
                0.5570943916338852,
                -0.3346258514983338,
                0.017250691039669946,
                -0.2802330719455405,
                0.2248916418186278,
                0.15589552624561945,
                -0.33462585149833374,
                3.4905904831136163,
                0.2667728148546126,
                0.3433773431716677,
                -0.17801810411378677,
                0.622315045503314,
                0.01725069103967019,
                0.26677281485461246,
                3.6094919796503366,
                0.5039857585620418,
                0.1210605257760942,
                -0.053185783749424724,
                -0.2802330719455405,
                0.3433773431716677,
                0.5039857585620421,
                3.211124619489103
              ],
              "inverse_covariance_input": [],
              "mean": [
                -0.9680041808729211,
                -1.4370994500967438,
                -1.3614380889788449,
                -0.23503261935374223,
                1.4475519349392971,
                -0.43324578039315953
              ]
            }
          ],
          "label": "",
          "mixture_coeffs": [
            1
          ],
          "parameters": {
            "absolute_regularization": 0.2,
            "covariance_mode": 0,
            "gaussians": 1,
            "relative_regularization": 0.2
          }
        },
        {
          "components": [
            {
              "bimodal": false,
              "covariance": [
                4.084578642975784,
                0.3532611562123045,
                -2.1994220462829817,
                -0.55088271844646,
                -0.12767590647128124,
                -0.5145891892992626,
                0.3532611562123045,
                0.8329493622216242,
                0.04782262384661662,
                0.0721719389363311,
                -0.021607132571005463,
                0.0043547092343307545,
                -2.1994220462829817,
                0.04782262384661662,
                4.586681890898904,
                0.6402448213655267,
                -0.2914703801350973,
                0.4026731790152871,
                -0.55088271844646,
                0.0721719389363311,
                0.6402448213655267,
                0.4749250098057818,
                -0.00759882331942114,
                0.08691399949608329,
                -0.12767590647128124,
                -0.021607132571005463,
                -0.2914703801350973,
                -0.00759882331942114,
                0.30508054434887194,
                -0.00726246170881839,
                -0.5145891892992626,
                0.0043547092343307545,
                0.4026731790152871,
                0.08691399949608329,
                -0.00726246170881839,
                0.3221733675618753
              ],
              "covariance_determinant": 0.2539930461290601,
              "covariance_determinant_input": 0,
              "covariance_mode": 0,
              "dimension": 6,
              "dimension_input": 0,
              "inverse_covariance": [
                0.4587907811537668,
                -0.21999260061675616,
                0.16775485195828158,
                0.2602230645834768,
                0.35421805457913297,
                0.46388647606998357,
                -0.21999260061675613,
                1.3261708460786052,
                -0.05765676949334238,
                -0.3422743663155582,
                -0.06666492842952575,
                -0.20640993903722396,
                0.1677548519582816,
                -0.05765676949334241,
                0.3734861947444832,
                -0.27243969168191456,
                0.41341633533309186,
                -0.1152662567040885,
                0.2602230645834767,
                -0.34227436631555813,
                -0.2724396916819146,
                2.825756944494422,
                -0.10533425518132221,
                -0.003911514257397836,
                0.35421805457913297,
                -0.06666492842952579,
                0.41341633533309186,
                -0.10533425518132214,
                3.8176051434389833,
                0.1644321220320584,
                0.4638864760699835,
                -0.2064099390372239,
                -0.11526625670408852,
                -0.003911514257397811,
                0.1644321220320583,
                3.9964774494478528
              ],
              "inverse_covariance_input": [],
              "mean": [
                -0.15625253029163366,
                1.8756749975108438,
                0.6335640267859914,
                -0.5586516444937014,
                0.010413725110875073,
                -0.1790150577789274
              ]
            }
          ],
          "label": "",
          "mixture_coeffs": [
            1
          ],
          "parameters": {
            "absolute_regularization": 0.2,
            "covariance_mode": 0,
            "gaussians": 1,
            "relative_regularization": 0.2
          }
        },
        {
          "components": [
            {
              "bimodal": false,
              "covariance": [
                4.440322164475264,
                -1.197926248757017,
                -2.574632760478435,
                -1.454881699130393,
                -1.8052263377104933,
                -0.7997720032307701,
                -1.197926248757017,
                1.3956898892109233,
                1.1144929454281187,
                0.4324456646304984,
                0.36767147901406455,
                0.26248639301407495,
                -2.574632760478435,
                1.1144929454281187,
                2.4705195423306123,
                0.9793704538454558,
                1.0629416767243702,
                0.5458664170776236,
                -1.454881699130393,
                0.4324456646304984,
                0.9793704538454558,
                0.8358759498752191,
                0.7286162725673789,
                0.29677880616798785,
                -1.8052263377104933,
                0.36767147901406455,
                1.0629416767243702,
                0.7286162725673789,
                1.2783176791079667,
                0.33226023344471417,
                -0.7997720032307701,
                0.26248639301407495,
                0.5458664170776236,
                0.29677880616798785,
                0.33226023344471417,
                0.36833661874041046
              ],
              "covariance_determinant": 0.1347696908042838,
              "covariance_determinant_input": 0,
              "covariance_mode": 0,
              "dimension": 6,
              "dimension_input": 0,
              "inverse_covariance": [
                1.0053966742792344,
                0.11631383376790588,
                0.4262802352910774,
                0.44162875076318825,
                0.6413778100074665,
                0.5340084165659837,
                0.11631383376790573,
                1.1605675626107468,
                -0.49159519457004563,
                -0.044362200283707846,
                0.28108445510738933,
                -0.06377526058392682,
                0.4262802352910775,
                -0.4915951945700455,
                1.3162954312483726,
                -0.3958316500443997,
                -0.0431369874575434,
                -0.3169662414827026,
                0.44162875076318836,
                -0.044362200283707964,
                -0.39583165004439963,
                3.283808979588166,
                -0.8208137073666363,
                -0.3282952583934651,
                0.6413778100074664,
                0.2810844551073895,
                -0.04313698745754349,
                -0.8208137073666362,
                2.106328122154425,
                0.017574257410173245,
                0.5340084165659837,
                -0.06377526058392681,
                -0.31696624148270264,
                -0.32829525839346513,
                0.017574257410173252,
                4.638252367020135
              ],
              "inverse_covariance_input": [],
              "mean": [
                -5.384956294600576,
                3.2508744577115776,
                6.789862187676457,
                1.7318873031108266,
                1.1163364381522487,
                1.0661697989869174
              ]
            }
          ],
          "label": "",
          "mixture_coeffs": [
            1
          ],
          "parameters": {
            "absolute_regularization": 0.2,
            "covariance_mode": 0,
            "gaussians": 1,
            "relative_regularization": 0.2
          }
        },
        {
          "components": [
            {
              "bimodal": false,
              "covariance": [
                4.126223653013015,
                -1.7877168701761847,
                -3.6903518696533335,
                0.20758324601768113,
                0.869700418986934,
                0.046952168946184925,
                -1.7877168701761847,
                1.4239902762048988,
                1.6679664555819773,
                -0.17601243490492352,
                -0.526292011948124,
                -0.06807111009775464,
                -3.6903518696533335,
                1.6679664555819773,
                4.938791759187029,
                0.7087307963010776,
                0.27375061525103267,
                0.5040854036795647,
                0.20758324601768113,
                -0.17601243490492352,
                0.7087307963010776,
                1.4877867699815936,
                1.5861892607321422,
                0.7580564926980188,
                0.869700418986934,
                -0.526292011948124,
                0.27375061525103267,
                1.5861892607321422,
                2.3269583744112268,
                0.9494224407158292,
                0.046952168946184925,
                -0.06807111009775464,
                0.5040854036795647,
                0.7580564926980188,
                0.9494224407158292,
                0.6614791071869826
              ],
              "covariance_determinant": 0.4948589790117803,
              "covariance_determinant_input": 0,
              "covariance_mode": 0,
              "dimension": 6,
              "dimension_input": 0,
              "inverse_covariance": [
                1.288989659620375,
                0.4703039243520436,
                0.8358367170432165,
                -0.07114725151221013,
                -0.43684760396032635,
                0.028491777199333893,
                0.47030392435204343,
                1.6109853553262394,
                -0.19991413183776752,
                -0.009828860320304457,
                0.2365607551603679,
                -0.04352622754481972,
                0.8358367170432165,
                -0.1999141318377675,
                0.9703564728565346,
                -0.304249332080559,
                -0.17452721335426769,
                -0.22019897820205864,
                -0.07114725151221007,
                -0.009828860320304307,
                -0.304249332080559,
                3.0224796080938576,
                -1.6485516872745465,
                -0.8617040424562721,
                -0.43684760396032646,
                0.23656075516036762,
                -0.17452721335426766,
                -1.6485516872745463,
                2.275968335180806,
                -1.1891072244542578,
                0.028491777199333896,
                -0.04352622754481951,
                -0.2201989782020587,
                -0.8617040424562724,
                -1.1891072244542578,
                4.367309348923262
              ],
              "inverse_covariance_input": [],
              "mean": [
                0.5559463776187566,
                1.0069545421170336,
                1.8846250420004653,
                2.9355873112034994,
                2.7233497037983807,
                1.467856166031081
              ]
            }
          ],
          "label": "",
          "mixture_coeffs": [
            1
          ],
          "parameters": {
            "absolute_regularization": 0.2,
            "covariance_mode": 0,
            "gaussians": 1,
            "relative_regularization": 0.2
          }
        },
        {
          "components": [
            {
              "bimodal": false,
              "covariance": [
                8.716740213289908,
                -6.32555750671726,
                -0.30828073748788004,
                3.4971796356109213,
                4.737385387935282,
                1.884927019639958,
                -6.32555750671726,
                6.456642089116468,
                0.05632712776217351,
                -2.2234268611026167,
                -3.2892443420434385,
                -1.3250058369944062,
                -0.30828073748788004,
                0.05632712776217351,
                0.610749389034222,
                -0.17779755812189976,
                -0.1944227254103143,
                -0.06238543858211881,
                3.4971796356109213,
                -2.2234268611026167,
                -0.17779755812189976,
                1.8789619078676076,
                2.1166066928915335,
                0.8372262217937017,
                4.737385387935282,
                -3.2892443420434385,
                -0.1944227254103143,
                2.1166066928915335,
                2.990816123365263,
                1.1089630889331556,
                1.884927019639958,
                -1.3250058369944062,
                -0.06238543858211881,
                0.8372262217937017,
                1.1089630889331556,
                0.6428619158154913
              ],
              "covariance_determinant": 0.27308773759832283,
              "covariance_determinant_input": 0,
              "covariance_mode": 0,
              "dimension": 6,
              "dimension_input": 0,
              "inverse_covariance": [
                1.50731949086327,
                0.6082869936406345,
                0.12272128263985498,
                -0.6686842588668441,
                -1.0845072047219189,
                -0.4122641822649685,
                0.6082869936406345,
                0.6138792511278672,
                0.13550187199430086,
                -0.3879273736745998,
                -0.01405509295882126,
                0.024328542364196758,
                0.12272128263985492,
                0.13550187199430083,
                1.7168679681672727,
                0.11172948509808797,
                0.025565077840257723,
                -0.10354620449501387,
                -0.6686842588668439,
                -0.3879273736745998,
                0.111729485098088,
                3.0654584420487425,
                -1.3426804630143738,
                -0.5041733258512114,
                -1.0845072047219186,
                -0.014055092958821258,
                0.025565077840257595,
                -1.3426804630143738,
                3.2494109442524746,
                -0.7033559682782615,
                -0.4122641822649687,
                0.024328542364196758,
                -0.10354620449501382,
                -0.5041733258512112,
                -0.7033559682782616,
                4.67435765542171
              ],
              "inverse_covariance_input": [],
              "mean": [
                4.090157976808491,
                -2.4316754779398875,
                -2.116676298451282,
                2.321766931699179,
                2.7516074831803863,
                1.1737245799075495
              ]
            }
          ],
          "label": "",
          "mixture_coeffs": [
            1
          ],
          "parameters": {
            "absolute_regularization": 0.2,
            "covariance_mode": 0,
            "gaussians": 1,
            "relative_regularization": 0.2
          }
        },
        {
          "components": [
            {
              "bimodal": false,
              "covariance": [
                17.848083266135855,
                -11.987722437607193,
                -5.581354619249175,
                5.446976140749234,
                6.480797059805016,
                2.5291705355328773,
                -11.987722437607193,
                9.143168183074353,
                3.760744881874679,
                -3.9289790468222447,
                -4.6550905812612555,
                -1.836212917173448,
                -5.581354619249175,
                3.760744881874679,
                2.334155076594913,
                -1.6734484382648736,
                -1.981793768296181,
                -0.7541492917373228,
                5.446976140749234,
                -3.9289790468222447,
                -1.6734484382648736,
                2.042714800500891,
                2.1456170860201063,
                0.8545641072962299,
                6.480797059805016,
                -4.6550905812612555,
                -1.981793768296181,
                2.1456170860201063,
                2.753475011524408,
                1.0198669722649683,
                2.5291705355328773,
                -1.836212917173448,
                -0.7541492917373228,
                0.8545641072962299,
                1.0198669722649683,
                0.6127064247889089
              ],
              "covariance_determinant": 0.2250826841308575,
              "covariance_determinant_input": 0,
              "covariance_mode": 0,
              "dimension": 6,
              "dimension_input": 0,
              "inverse_covariance": [
                0.7952165361136339,
                0.3653971506606269,
                0.5884613289171384,
                -0.3284822111293017,
                -0.5272077427885727,
                -0.12748796989703196,
                0.36539715066062844,
                1.2765763151208582,
                -0.12209924487100396,
                0.5635320561289149,
                0.676965094077511,
                0.25435434934784584,
                0.588461328917138,
                -0.12209924487100514,
                1.7334574262967464,
                -0.09164531292391016,
                -0.1950305967735474,
                -0.2089279796526475,
                -0.328482211129301,
                0.563532056128915,
                -0.09164531292390965,
                3.5499486855435918,
                -0.9347151209014395,
                -0.46341202724492303,
                -0.5272077427885711,
                0.6769650940775138,
                -0.19503059677354712,
                -0.9347151209014385,
                3.6119305060147364,
                -0.7434987865939277,
                -0.12748796989703165,
                0.2543543493478458,
                -0.20892797965264723,
                -0.4634120272449231,
                -0.7434987865939281,
                4.547381421257524
              ],
              "inverse_covariance_input": [],
              "mean": [
                5.779647711211592,
                -4.0075591264003965,
                -4.011370154006993,
                1.597589529780883,
                2.7050003233688886,
                1.2935510116102178
              ]
            }
          ],
          "label": "",
          "mixture_coeffs": [
            1
          ],
          "parameters": {
            "absolute_regularization": 0.2,
            "covariance_mode": 0,
            "gaussians": 1,
            "relative_regularization": 0.2
          }
        },
        {
          "components": [
            {
              "bimodal": false,
              "covariance": [
                4.540956427160186,
                -3.939386058196454,
                -3.272991823567748,
                1.6163684382951102,
                1.6567495357212199,
                0.6399621632937833,
                -3.939386058196454,
                4.62243600229388,
                3.569710140656777,
                -1.6128831732790248,
                -1.6462243181784701,
                -0.6696376497677685,
                -3.272991823567748,
                3.569710140656777,
                3.751771778009309,
                -1.3865719241569516,
                -1.3896138948822652,
                -0.594898849150547,
                1.6163684382951102,
                -1.6128831732790248,
                -1.3865719241569516,
                0.8924618959679744,
                0.6713334792971019,
                0.26164858144816877,
                1.6567495357212199,
                -1.6462243181784701,
                -1.3896138948822652,
                0.6713334792971019,
                0.9023477871339185,
                0.26137993235259,
                0.6399621632937833,
                -0.6696376497677685,
                -0.594898849150547,
                0.26164858144816877,
                0.26137993235259,
                0.3140487530395805
              ],
              "covariance_determinant": 0.07377052730830114,
              "covariance_determinant_input": 0,
              "covariance_mode": 0,
              "dimension": 6,
              "dimension_input": 0,
              "inverse_covariance": [
                1.1390016048041958,
                0.42940222726240374,
                0.08529316884354748,
                -0.5799683656164375,
                -0.6913648240208028,
                -0.18524650426460812,
                0.4294022272624035,
                1.3283009329324225,
                -0.5543356162716155,
                0.35413654448121,
                0.4486080138431274,
                0.23878158702632868,
                0.08529316884354773,
                -0.5543356162716151,
                1.122095300036511,
                0.3235519378777087,
                0.2299271500768453,
                0.3088359787345674,
                -0.5799683656164379,
                0.3541365444812092,
                0.32355193787770903,
                3.7726144845780456,
