{"configuration":{"default_parameters":{"absolute_regularization":0.2,"covariance_mode":0,"gaussians":1,"hierarchical":true,"regression_estimator":0,"relative_regularization":0.2,"states":20,"transition_mode":1},"multiClass_regression_estimator":0,"multithreading":0},"exit_transition":[0.1,0.1,0.1],"models":[{"exitProbabilities":[0,0,0,0,0,0,0,0,0,0,0,0,0,0,0,0,0,0,0,0.10000000149011612],"label":"Block","parameters":{"absolute_regularization":0.2,"covariance_mode":0,"gaussians":1,"hierarchical":true,"regression_estimator":0,"relative_regularization":0.2,"states":20,"transition_mode":1},"states":[{"components":[{"bimodal":false,"covariance":[0.2894407700077322,0.00008719722365838143,0.00016596863365610264,-0.000007859153370364449,-0.000016727350064209924,0.000006009653212187336,0.00008719722365838143,0.23479766163210047,0.00010961627798296645,-0.000005189102898468214,-0.000011047745001017396,0.000003967818684092568,0.00016596863365610264,0.00010961627798296645,0.7500415023522599,-0.00000987825868447621,-0.00002102735809070862,0.000007553501167318478,-0.000007859153370364449,-0.000005189102898468214,-0.00000987825868447621,0.20000046804046756,9.956034351009902e-7,-3.579183569659355e-7,-0.000016727350064209924,-0.000011047745001017396,-0.00002102735809070862,9.956034351009902e-7,0.20000211926330566,-7.612983912180496e-7,0.000006009653212187336,0.000003967818684092568,0.000007553501167318478,-3.579183569659355e-7,-7.612983912180496e-7,0.20000027370834203],"covariance_determinant":0.0004077883623601175,"covariance_determinant_input":0,"covariance_mode":0,"dimension":6,"dimension_input":0,"inverse_covariance":[3.4549391407178365,-0.0012826917092486777,-0.0007643080095221847,0.0001356915117973406,0.00028880454044370035,-0.00010375913291349744,-0.0012826917092486777,4.258986978824435,-0.0006221452290702558,0.00011041889571298603,0.00023508495791628187,-0.00008443119301274974,-0.0007643080095221846,-0.0006221452290702558,1.333259820806887,0.00006580430973390557,0.00014007436427106927,-0.000050317869319379096,0.00013569151179734063,0.00011041889571298604,0.00006580430973390558,4.999988310602582,-0.000024865363529680794,0.000008939077951503429,0.00028880454044370035,0.00023508495791628193,0.0001400743642710693,-0.000024865363529680798,4.9999470710418015,0.000019013555579620577,-0.00010375913291349744,-0.00008443119301274975,-0.000050317869319379096,0.000008939077951503427,0.000019013555579620574,4.999993164082378],"inverse_covariance_input":[],"mean":[0.3259620656233758,0.6893748911441139,0.8037770253746305,0.06766153006903296,-0.04044335926397374,-0.014394252321376309]}],"label":"","mixture_coeffs":[1],"parameters":{"absolute_regularization":0.2,"covariance_mode":0,"gaussians":1,"relative_regularization":0.2}},{"components":[{"bimodal":false,"covariance":[0.31858144321343657,0.020854908805739657,0.033708711235453534,-0.003796362918839973,-0.002854599144721673,0.0018497384293484924,0.020854908805739657,0.2636217000455329,0.04507368342554085,-0.0009975551010404128,-0.004716193574863002,0.0007694731935089115,0.033708711235453534,0.04507368342554085,0.8899195505923208,0.005872282745768566,-0.0019652940211573326,-0.0055519236551309125,-0.003796362918839973,-0.0009975551010404128,0.005872282745768566,0.20417961953538538,0.00047194547528860967,-0.002117860347543479,-0.002854599144721673,-0.004716193574863002,-0.0019652940211573326,0.00047194547528860967,0.20357613520545503,-0.0013760017576074466,0.0018497384293484924,0.0007694731935089115,-0.0055519236551309125,-0.002117860347543479,-0.0013760017576074466,0.2019274280971307],"covariance_determinant":0.0006158030277224835,"covariance_determinant_input":0,"covariance_mode":0,"dimension":6,"dimension_input":0,"inverse_covariance":[3.166773605636662,-0.2309345097867329,-0.10876011502160965,0.06047973329230467,0.03766087035296223,-0.03022830420181585,-0.23093450978673288,3.845017341380609,-0.1860480348148644,0.01947355430337036,0.08388296422542704,-0.016876005792049904,-0.10876011502160965,-0.18604803481486443,1.1376887589660458,-0.03532544316679058,0.0054504869322854355,0.03265224273542356,0.06047973329230467,0.019473554303370364,-0.03532544316679058,4.9004231729776775,-0.010066230271113542,0.04972866063754802,0.03766087035296222,0.08388296422542703,0.0054504869322854355,-0.010066230271113539,4.914936654992429,0.03287168516036753,-0.03022830420181585,-0.016876005792049908,0.03265224273542355,0.04972866063754802,0.03287168516036753,4.954258775695834],"inverse_covariance_input":[],"mean":[-0.08864321450921206,0.2469281066843418,0.09900619061641905,-0.01131230216862502,0.006775930303318191,0.012655994781006702]}],"label":"","mixture_coeffs":[1],"parameters":{"absolute_regularization":0.2,"covariance_mode":0,"gaussians":1,"relative_regularization":0.2}},{"components":[{"bimodal":false,"covariance":[0.2900036758704275,-0.0015785413317177424,-0.008919470941611597,-0.0000872935436123551,0.00037147263769690827,-0.00031072838001675545,-0.0015785413317177424,0.238649755217495,0.021819847324449904,0.0001979230758953191,-0.000910752957285458,0.0007898231793658553,-0.008919470941611597,0.021819847324449904,0.8718190972001201,0.0011187384930800247,-0.005089903146001976,0.00439232590367113,-0.0000872935436123551,0.0001979230758953191,0.0011187384930800247,0.20049620019799963,-0.0013405282634320536,0.0006454677110474448,0.00037147263769690827,-0.000910752957285458,-0.005089903146001976,-0.0013405282634320536,0.20366294426678253,-0.001800893807815321,-0.00031072838001675545,0.0007898231793658553,0.00439232590367113,0.0006454677110474448,-0.001800893807815321,0.20091889053076092],"covariance_determinant":0.0004935197661115725,"covariance_determinant_input":0,"covariance_mode":0,"dimension":6,"dimension_input":0,"inverse_covariance":[3.4494194037136308,0.01960339502695958,0.0347450749786601,0.0012389381576513334,-0.005288115854942315,0.004446642934564033,0.019603395026959576,4.20005830669425,-0.10474991465577839,-0.0034010883110398775,0.015981942695273744,-0.014036207490554554,0.0347450749786601,-0.1047499146557784,1.1502980705658057,-0.006034421137913323,0.027960638882150928,-0.02441136640967054,0.0012389381576513336,-0.0034010883110398783,-0.006034421137913323,4.987930901943534,0.03252492666608732,-0.015585383827912238,-0.005288115854942315,0.015981942695273747,0.027960638882150928,0.03252492666608732,4.911449672632006,0.04323599027953125,0.004446642934564033,-0.014036207490554554,-0.02441136640967054,-0.015585383827912238,0.04323599027953125,4.978166120389106],"inverse_covariance_input":[],"mean":[-0.2874619643556121,0.7557706941569707,2.6328208410282756,-0.05624654309092814,-0.09181288314705616,0.08302779717637275]}],"label":"","mixture_coeffs":[1],"parameters":{"absolute_regularization":0.2,"covariance_mode":0,"gaussians":1,"relative_regularization":0.2}},{"components":[{"bimodal":false,"covariance":[0.3197984516034814,-0.32533113102731465,-0.5592878458814202,-0.07728364261422756,0.102147937235082,-0.01024648016255166,-0.32533113102731465,3.7075292821510026,5.9692365667445815,0.8249039674467508,-1.0900726577371647,0.1092561817981387,-0.5592878458814202,5.9692365667445815,11.010741744335006,1.4179404047781676,-1.873892250471444,0.1878760914907145,-0.07728364261422756,0.8249039674467508,1.4179404047781676,0.39594579164517996,-0.258944344641142,0.025957907798742057,0.102147937235082,-1.0900726577371647,-1.873892250471444,-0.258944344641142,0.5422328989637859,-0.03432114034077705,-0.01024648016255166,0.1092561817981387,0.1878760914907145,0.025957907798742057,-0.03432114034077705,0.2034474434751863],"covariance_determinant":0.013163966967680674,"covariance_determinant_input":0,"covariance_mode":0,"dimension":6,"dimension_input":0,"inverse_covariance":[3.4451443983483503,0.14802283821434975,0.07997586174808537,0.04135745439008235,-0.05494026053165444,0.005620497826369176,0.1480228382143498,2.307102576081681,-1.0497283438243004,-0.5441475979455147,0.7180515162879821,-0.0715681984089788,0.0799758617480854,-1.0497283438243004,0.76826646119785,-0.29279663385292176,0.3873656517547676,-0.03900220638261709,0.04135745439008223,-0.5441475979455148,-0.2927966338529218,4.848297903925899,0.2004591118653793,-0.020088432659317687,-0.05494026053165419,0.7180515162879822,0.38736565175476767,0.2004591118653793,4.7342307470693745,0.026982117424096067,0.00562049782636916,-0.07156819840897877,-0.03900220638261708,-0.020088432659317687,0.026982117424096064,4.997123256336673],"inverse_covariance_input":[],"mean":[-0.9883517961121782,3.4477339306172783,10.442825784081894,0.8345781839103688,-2.0441203182386904,0.5962507749291671]}],"label":"","mixture_coeffs":[1],"parameters":{"absolute_regularization":0.2,"covariance_mode":0,"gaussians":1,"relative_regularization":0.2}},{"components":[{"bimodal":false,"covariance":[7.121724962795261,-0.9038264996346529,8.278442510902158,-0.20204970887108895,-0.010453261038431898,-0.37178358930286964,-0.9038264996346529,4.4724854088115,7.9408750059502555,1.119742346858204,-3.9068334226911476,1.5511793619032277,8.278442510902158,7.9408750059502555,31.07411929998752,2.365743081335631,-8.740790610918985,2.9247133217014256,-0.20204970887108895,1.119742346858204,2.365743081335631,0.6015710304489763,-1.1398178220409498,0.4635845595048939,-0.010453261038431898,-3.9068334226911476,-8.740790610918985,-1.1398178220409498,4.082358919150674,-1.5166376090426013,-0.37178358930286964,1.5511793619032277,2.9247133217014256,0.4635845595048939,-1.5166376090426013,0.8166408692826519],"covariance_determinant":2.283749647217105,"covariance_determinant_input":0,"covariance_mode":0,"dimension":6,"dimension_input":0,"inverse_covariance":[1.0278666987263627,0.8485042709636307,-0.647103758599983,0.44434247145114747,-0.3368720591998591,0.29590913955779186,0.8485042709636285,2.1573573634049894,-0.4980982838565699,0.30085597661145086,0.9827613205331616,-0.27328166273271315,-0.6471037585999833,-0.4980982838565717,0.4919936892444955,-0.2742387106342756,0.4637347837305681,-0.09359417880212145,0.44434247145114747,0.3008559766114516,-0.2742387106342756,3.8062218847818587,0.6115685336988126,-0.4119198565290254,-0.3368720591998613,0.982761320533158,0.46373478373056964,0.6115685336988116,2.747328417631343,1.0741735139141804,0.29590913955779174,-0.27328166273271315,-0.09359417880212136,-0.4119198565290256,1.0741735139141808,4.442284179424985],"inverse_covariance_input":[],"mean":[4.490248144715696,0.2586252100007509,8.77524955260845,1.4146244489847533,1.4220562297795654,-1.3281999218401723]}],"label":"","mixture_coeffs":[1],"parameters":{"absolute_regularization":0.2,"covariance_mode":0,"gaussians":1,"relative_regularization":0.2}},{"components":[{"bimodal":false,"covariance":[1.6247876157509908,-0.13673034814587784,1.361047635715166,0.24252062567902025,0.699243387633179,-0.09550711806387326,-0.13673034814587784,1.4170736215486623,3.813318103572715,-0.4859474526162447,0.46676952890421286,0.19097032726753418,1.361047635715166,3.813318103572715,24.62185549314241,-2.633166195544145,3.3775750549194115,1.067058174444553,0.24252062567902025,-0.4859474526162447,-2.633166195544145,0.6755732482815093,-0.226744203243015,-0.17030085861411712,0.699243387633179,0.46676952890421286,3.3775750549194115,-0.226744203243015,0.9777449354232659,0.08687652111096625,-0.09550711806387326,0.19097032726753418,1.067058174444553,-0.17030085861411712,0.08687652111096625,0.27023617864510757],"covariance_determinant":0.5975321717707959,"covariance_determinant_input":0,"covariance_mode":0,"dimension":6,"dimension_input":0,"inverse_covariance":[1.3066906531010867,0.3923415006101291,-0.09915895057772539,-0.8122556903392443,-1.0019462166570055,0.3863243003869649,0.392341500610129,1.3547666439440202,-0.20570573833354422,-0.033211644748438844,-0.22853852116537854,0.04607016861483138,-0.09915895057772531,-0.20570573833354414,0.1752893858515921,0.40672013581078553,-0.3223769271610984,-0.22187588476882678,-0.812255690339244,-0.033211644748438636,0.4067201358107856,3.388030219989266,-0.04749717904024404,0.28080266105052387,-1.0019462166570055,-0.22853852116537868,-0.32237692716109834,-0.04749717904024374,2.9417355590729004,0.10468418522161661,0.3863243003869648,0.04607016861483126,-0.22187588476882675,0.2808026610505241,0.10468418522161659,4.823852620072913],"inverse_covariance_input":[],"mean":[-1.149254431361832,-2.11967960745814,-5.154095495751299,1.0095693486063786,0.918091435749379,-0.8040242707565066]}],"label":"","mixture_coeffs":[1],"parameters":{"absolute_regularization":0.2,"covariance_mode":0,"gaussians":1,"relative_regularization":0.2}},{"components":[{"bimodal":false,"covariance":[1.8752655706722106,1.3384014980966148,3.694539799209996,0.36004153506481584,-0.49991711500622904,0.3581408467594004,1.3384014980966148,1.8662192356014828,4.435548719837494,0.31356924901650235,-0.6077889061881618,0.46649285590884615,3.694539799209996,4.435548719837494,14.270271786845647,0.8512522848805113,-2.372408461157055,1.527795166616542,0.36004153506481584,0.31356924901650235,0.8512522848805113,0.29604636952357044,-0.12758622945575313,0.08369913976782603,-0.49991711500622904,-0.6077889061881618,-2.372408461157055,-0.12758622945575313,0.819774042501799,-0.3146553230846599,0.3581408467594004,0.46649285590884615,1.527795166616542,0.08369913976782603,-0.3146553230846599,0.38762668625321056],"covariance_determinant":0.1084730243248136,"covariance_determinant_input":0,"covariance_mode":0,"dimension":6,"dimension_input":0,"inverse_covariance":[1.2956350135706443,-0.3872996112171829,-0.22201234388837163,-0.6456550834578733,-0.19060714565563527,0.1287509107168733,-0.387299611217183,2.392114264632588,-0.7194632575146165,-0.22555894271144605,-0.6396721053127093,-0.15582276067258272,-0.22201234388837163,-0.7194632575146164,0.4950885464125018,-0.019549242492026327,0.6168147419123896,-0.3754577230808741,-0.645655083457873,-0.22555894271144614,-0.019549242492026286,4.4857996394843145,0.10395500970995414,0.06082336140082248,-0.19060714565563516,-0.639672105312709,0.6168147419123894,0.1039550097099539,2.690053299995641,0.6760079866407996,0.12875091071687367,-0.15582276067258266,-0.37545772308087416,0.06082336140082217,0.6760079866407994,4.663818182746807],"inverse_covariance_input":[],"mean":[-2.8729223831783495,-1.8238411637761824,-6.7867504590984495,0.344325322007335,-1.7695303590444453,-0.04899779344257984]}],"label":"","mixture_coeffs":[1],"parameters":{"absolute_regularization":0.2,"covariance_mode":0,"gaussians":1,"relative_regularization":0.2}},{"components":[{"bimodal":false,"covariance":[2.9123317253301417,-0.1569337040499169,0.6612311934272436,0.6752959837500144,-0.8230449858088749,-0.014199938601112539,-0.1569337040499169,1.3464630239314268,0.4314820368183007,-0.20086531532645166,0.11950540464353035,0.07503954692601485,0.6612311934272436,0.4314820368183007,2.452705949774417,0.07899431537021251,-0.5452365417631329,0.20957080295882088,0.6752959837500144,-0.20086531532645166,0.07899431537021251,0.4264615590101445,-0.20993843378397448,-0.04076125224668046,-0.8230449858088749,0.11950540464353035,-0.5452365417631329,-0.20993843378397448,0.5654117702727526,-0.04561170154960264,-0.014199938601112539,0.07503954692601485,0.20957080295882088,-0.04076125224668046,-0.04561170154960264,0.24842657920498545],"covariance_determinant":0.12017190800170131,"covariance_determinant_input":0,"covariance_mode":0,"dimension":6,"dimension_input":0,"inverse_covariance":[0.7753014025595184,-0.1281210726195913,0.027973084148814595,-0.8570312230906869,0.8707557963925108,0.0786712337744013,-0.12812107261959127,0.9133800994018244,-0.23096451907566842,0.4482953194507278,-0.443588290581111,-0.09626690782303876,0.027973084148814557,-0.23096451907566845,0.6159620633439381,0.03181217270376745,0.6695072491321398,-0.3201143238699856,-0.8570312230906869,0.4482953194507278,0.031812172703767454,4.07408815599056,0.24156184416490237,0.5015824440242178,0.8707557963925106,-0.44358829058111104,0.6695072491321398,0.24156184416490278,3.8953648606838165,0.3738036180248206,0.07867123377440127,-0.09626690782303873,-0.3201143238699857,0.5015824440242179,0.3738036180248206,4.479885038375497],"inverse_covariance_input":[],"mean":[-1.0720340834866755,1.210395992241087,-5.464563381361859,-0.1312476957087901,0.1170721154198531,0.37988707054685605]}],"label":"","mixture_coeffs":[1],"parameters":{"absolute_regularization":0.2,"covariance_mode":0,"gaussians":1,"relative_regularization":0.2}},{"components":[{"bimodal":false,"covariance":[0.9140688374306456,0.17243329938667173,1.0286598276560301,0.16218108052895766,0.07943245545557868,-0.1015418064096544,0.17243329938667173,1.14428943893831,1.5458223428835949,-0.14051598139151264,0.23613031978920573,0.12406774088212488,1.0286598276560301,1.5458223428835949,4.468060093914139,0.0070287570630979766,0.6419078512324259,0.06419334657571378,0.16218108052895766,-0.14051598139151264,0.0070287570630979766,0.2866704448668897,-0.0025799894190905665,-0.06514940007553151,0.07943245545557868,0.23613031978920573,0.6419078512324259,-0.0025799894190905665,0.5409696989231492,0.01690479457124742,-0.1015418064096544,0.12406774088212488,0.06419334657571378,-0.06514940007553151,0.01690479457124742,0.25487214184620816],"covariance_determinant":0.038378197624216015,"covariance_determinant_input":0,"covariance_mode":0,"dimension":6,"dimension_input":0,"inverse_covariance":[1.8533581423792331,0.28198530669763633,-0.5677310361556146,-0.773791730784808,0.25821546004988916,0.5291887201744878,0.28198530669763633,1.9739183037937145,-0.7413933538215729,0.7175035538735122,-0.00492037667805568,-0.4780658324492381,-0.5677310361556146,-0.7413933538215728,0.6665834739852514,-0.06770407619833183,-0.3835237894034382,-0.025044516231866452,-0.773791730784808,0.7175035538735122,-0.0677040761983318,4.389574444601459,-0.11357964003815654,0.4890808282431682,0.2582154600498892,-0.004920376678055683,-0.3835237894034383,-0.11357964003815656,2.2666052607896634,0.022496213394432932,0.5291887201744878,-0.4780658324492381,-0.025044516231866442,0.4890808282431682,0.0224962133944329,4.496913778389105],"inverse_covariance_input":[],"mean":[0.7986684483659545,1.9519220179548191,1.6503665613876808,0.23899135267753177,0.21966061921515326,0.12316524489566914]}],"label":"","mixture_coeffs":[1],"parameters":{"absolute_regularization":0.2,"covariance_mode":0,"gaussians":1,"relative_regularization":0.2}},{"components":[{"bimodal":false,"covariance":[0.5223031330257087,0.11343282656207336,0.057886719222765184,0.14114446172671247,0.11195769054345778,-0.06510760296545429,0.11343282656207336,0.2899666723435098,0.028190262139455947,0.06871362631187249,0.05450196156539038,-0.031695918117305266,0.057886719222765184,0.028190262139455947,0.7643078831303602,0.035043860042032825,0.02778251233229086,-0.016161716009221047,0.14114446172671247,0.06871362631187249,0.035043860042032825,0.28550889557888837,0.06783066786470775,-0.03944472522857015,0.11195769054345778,0.05450196156539038,0.02778251233229086,0.06783066786470775,0.2538108695936968,-0.03129064146444569,-0.06510760296545429,-0.031695918117305266,-0.016161716009221047,-0.03944472522857015,-0.03129064146444569,0.21819577613432098],"covariance_determinant":0.0011601881919667493,"covariance_determinant_input":0,"covariance_mode":0,"dimension":6,"dimension_input":0,"inverse_covariance":[2.478825020066512,-0.5866512576632362,-0.09376542744241591,-0.8567014198022118,-0.6795174683345924,0.39517540963129844,-0.5866512576632362,3.9079804074886497,-0.056309606875903584,-0.5140054709855778,-0.4076426197782832,0.23708665331719644,-0.09376542744241591,-0.0563096068759036,1.3244721411292104,-0.08200844764983438,-0.06494903160796248,0.03780558128649079,-0.8567014198022117,-0.5140054709855778,-0.08200844764983437,4.249171759012735,-0.5956375491312846,0.3463608891411482,-0.6795174683345924,-0.4076426197782831,-0.06494903160796248,-0.5956375491312847,4.5273861793174355,0.27478996555798846,0.39517540963129844,0.23708665331719642,0.03780558128649079,0.3463608891411481,0.2747899655579885,4.840217757619672],"inverse_covariance_input":[],"mean":[-0.8266660593715939,-0.5290690282593106,-1.5327255808101061,0.054053872847592555,1.0511928200788951,-0.1978781243491516]}],"label":"","mixture_coeffs":[1],"parameters":{"absolute_regularization":0.2,"covariance_mode":0,"gaussians":1,"relative_regularization":0.2}},{"components":[{"bimodal":false,"covariance":[0.34487108951811807,0.07320163450047734,0.09785303615109092,0.05169059172721434,-0.01942690730059416,-0.011401079505424534,0.07320163450047734,0.3377313124658142,0.14714507304645924,0.07036858794627263,-0.02783030428631085,-0.014554358907131896,0.09785303615109092,0.14714507304645924,0.9734319813946448,0.09722335793964222,-0.04052585073260749,-0.018714651017965232,0.05169059172721434,0.07036858794627263,0.09722335793964222,0.250068626799147,-0.023852961295075616,-0.009936320692164446,-0.01942690730059416,-0.02783030428631085,-0.04052585073260749,-0.023852961295075616,0.22920892349802036,0.0015609514552501226,-0.011401079505424534,-0.014554358907131896,-0.018714651017965232,-0.009936320692164446,0.0015609514552501226,0.20261583212890474],"covariance_determinant":0.0010253787078002461,"covariance_determinant_input":0,"covariance_mode":0,"dimension":6,"dimension_input":0,"inverse_covariance":[3.131831394342603,-0.49352951372039755,-0.1912148461829785,-0.4179452125761343,0.12752426377914475,0.1016348864220493,-0.49352951372039766,3.40205749517032,-0.38448321183012035,-0.6779252549202285,0.2317209579289358,0.14606331220956123,-0.19121484618297846,-0.38448321183012035,1.1383661057050918,-0.28243237013010825,0.10863501190855532,0.05208008368346494,-0.41794521257613415,-0.6779252549202286,-0.28243237013010825,4.418269007558942,0.29133014936996243,0.11612699749345586,0.1275242637791448,0.23172095792893577,0.1086350119085553,0.2913301493699624,4.451206548313214,0.013849673133452136,0.10163488642204929,0.14606331220956123,0.05208008368346494,0.11612699749345587,0.013849673133452142,4.962058057051807],"inverse_covariance_input":[],"mean":[-0.3186246396844334,-0.04494780429930122,2.146227937383623,-0.3535925341444381,0.030091788698982977,0.14792641135956938]}],"label":"","mixture_coeffs":[1],"parameters":{"absolute_regularization":0.2,"covariance_mode":0,"gaussians":1,"relative_regularization":0.2}},{"components":[{"bimodal":false,"covariance":[0.48247028835764727,0.012354430758521934,0.022764936592231257,0.01437022425935509,0.04727969975255314,-0.023293294029296443,0.012354430758521934,0.29843105961250793,0.2022724059606134,-0.01889685877962398,-0.0006171174460133277,0.01165949410552174,0.022764936592231257,0.2022724059606134,2.4895528403462857,-0.029695829382217133,-0.10724600971747761,0.10580171971682369,0.01437022425935509,-0.01889685877962398,-0.029695829382217133,0.21917363677520244,-0.0007087309095490837,-0.005379656862372293,0.04727969975255314,-0.0006171174460133277,-0.10724600971747761,-0.0007087309095490837,0.22816782655078433,-0.012384810594599682,-0.023293294029296443,0.01165949410552174,0.10580171971682369,-0.005379656862372293,-0.012384810594599682,0.21014071418116934],"covariance_determinant":0.0032808842047867878,"covariance_determinant_input":0,"covariance_mode":0,"dimension":6,"dimension_input":0,"inverse_covariance":[2.1366855059261405,-0.07784378985773505,-0.044345564056884626,-0.148552394397233,-0.45161724726442926,0.2330702315350074,-0.07784378985773503,3.568818347163253,-0.2882388561069122,0.27188499210528055,-0.1121741893980715,-0.06116994642588831,-0.04434556405688462,-0.28823885610691213,0.44324389129206787,0.0338909928047946,0.20604747550999553,-0.19907622501758815,-0.148552394397233,0.2718849921052805,0.033890992804794594,4.602372128166671,0.06570991540912982,0.07307934748823801,-0.4516172472644292,-0.11217418939807147,0.20604747550999553,0.06570991540912982,4.579801704255358,0.12401945660798776,0.2330702315350074,-0.06116994642588834,-0.19907622501758815,0.07307934748823801,0.12401945660798776,4.897356013695186],"inverse_covariance_input":[],"mean":[0.19125428150932228,0.20451173736463582,0.8577254922695562,0.15698367085379478,-0.14435530796893203,-0.07495764144845299]}],"label":"","mixture_coeffs":[1],"parameters":{"absolute_regularization":0.2,"covariance_mode":0,"gaussians":1,"relative_regularization":0.2}},{"components":[{"bimodal":false,"covariance":[0.5884479160280971,0.17136431103960845,0.36912720989796904,-0.04780458944196015,0.044306240437123875,0.0038861454516817143,0.17136431103960845,0.39629294103504054,0.2987228592899945,-0.0271889530704958,0.03863873758835895,0.0002968199434409729,0.36912720989796904,0.2987228592899945,1.6494450905171953,-0.03778255904209897,0.04852373962703494,-0.004398751941207524,-0.04780458944196015,-0.0271889530704958,-0.03778255904209897,0.22282331772125147,-0.017014573708453863,-0.0038897596723008994,0.044306240437123875,0.03863873758835895,0.04852373962703494,-0.017014573708453863,0.22762021042933228,-0.00036895471994896915,0.0038861454516817143,0.0002968199434409729,-0.004398751941207524,-0.0038897596723008994,-0.00036895471994896915,0.20257927719348617],"covariance_determinant":0.0026217945629529935,"covariance_determinant_input":0,"covariance_mode":0,"dimension":6,"dimension_input":0,"inverse_covariance":[2.142921644901982,-0.6174413418313011,-0.3545250926910556,0.30722023653781577,-0.21383507082282846,-0.04239222752797198,-0.6174413418313013,3.1475327826942143,-0.4190581781866441,0.15664434901422084,-0.31306741662364906,0.0005710581910902868,-0.3545250926910555,-0.41905817818664415,0.7622328920810151,0.0007716995281478053,-0.02225142669705633,0.02394018943544734,0.30722023653781577,0.15664434901422086,0.0007716995281478087,4.594081023530522,0.25698525041502746,0.08257351922936139,-0.21383507082282843,-0.31306741662364895,-0.022251426697056327,0.25698525041502746,4.512030499372451,0.017229729494045335,-0.04239222752797198,0.0005710581910902806,0.023940189435447345,0.08257351922936138,0.017229729494045335,4.939288173068765],"inverse_covariance_input":[],"mean":[-0.04519282088319675,0.16480547105253582,0.2699707538401811,0.07978981868896808,-0.011578417279339984,0.006270919691188674]}],"label":"","mixture_coeffs":[1],"parameters":{"absolute_regularization":0.2,"covariance_mode":0,"gaussians":1,"relative_regularization":0.2}},{"components":[{"bimodal":false,"covariance":[0.42267870958187725,0.04484576020781254,0.08249273892485649,-0.03680746798968096,0.007827076160209256,0.01250509276382595,0.04484576020781254,0.2902091982276545,0.1705945285962249,0.0191012283362595,0.027866971113503065,-0.019063643675976693,0.08249273892485649,0.1705945285962249,1.3177780289523988,0.08880900626953835,0.09337844567986986,-0.0747644742683203,-0.03680746798968096,0.0191012283362595,0.08880900626953835,0.2359377054991367,0.017159942456278887,-0.021981888130598145,0.007827076160209256,0.027866971113503065,0.09337844567986986,0.017159942456278887,0.2214542367832099,-0.01626669875862615,0.01250509276382595,-0.019063643675976693,-0.0747644742683203,-0.021981888130598145,-0.01626669875862615,0.21602293749892695],"covariance_determinant":0.0014679569098460393,"covariance_determinant_input":0,"covariance_mode":0,"dimension":6,"dimension_input":0,"inverse_covariance":[2.4761690464623447,-0.3329735649818273,-0.15067815118759462,0.4553486197299408,-0.030650284376684094,-0.18084626917089416,-0.3329735649818273,3.797795436963382,-0.4319312425848351,-0.16225082853419134,-0.25902325274519467,0.16891974364973358,-0.15067815118759462,-0.4319312425848352,0.8748522260030842,-0.277173048109413,-0.2712252832701613,0.22475946926570345,0.45534861972994084,-0.16225082853419132,-0.277173048109413,4.469893586081679,-0.20291144429342364,0.302958733222915,-0.030650284376684094,-0.25902325274519467,-0.27122528327016127,-0.20291144429342362,4.695381842055763,0.21796448007320227,-0.18084626917089416,0.16891974364973356,0.2247594692657035,0.3029587332229149,0.21796448007320232,4.779542988372151],"inverse_covariance_input":[],"mean":[0.6340566667414284,0.6577709286631725,0.6869997027599093,0.05679157712386963,0.2241913713532143,-0.04267663984147837]}],"label":"","mixture_coeffs":[1],"parameters":{"absolute_regularization":0.2,"covariance_mode":0,"gaussians":1,"relative_regularization":0.2}},{"components":[{"bimodal":false,"covariance":[0.29446962826791856,-0.0008720535091582753,0.0022531825450929285,-0.001279825888578485,0.0006311145211691522,0.0004999718949821735,-0.0008720535091582753,0.23582542752112218,0.0005653067434497424,0.000275312331612866,0.00020457803453027593,-0.00013431783043944235,0.0022531825450929285,0.0005653067434497424,0.7525478833613878,-0.0004617613346912788,0.0004909697138894487,0.00020331801180602195,-0.001279825888578485,0.000275312331612866,-0.0004617613346912788,0.20040075242063982,-0.00018951103656756363,-0.00015323135705563783,0.0006311145211691522,0.00020457803453027593,0.0004909697138894487,-0.00018951103656756363,0.20030357871929336,0.00001275459762493018,0.0004999718949821735,-0.00013431783043944235,0.00020331801180602195,-0.00015323135705563783,0.00001275459762493018,0.2000942726661728],"covariance_determinant":0.0004197129932451646,"covariance_determinant_input":0,"covariance_mode":0,"dimension":6,"dimension_input":0,"inverse_covariance":[3.3961820950956136,0.012562195922375155,-0.010155334415337723,0.021631942090471416,-0.01066759051564248,-0.008449980768010231,0.012562195922375157,4.240491130520372,-0.0032244699013208914,-0.005754806804185609,-0.004368283922807177,0.002814285026264824,-0.010155334415337721,-0.0032244699013208914,1.3288562237513295,0.0029974543311322805,-0.0032189858240649315,-0.0013245544862604916,0.02163194209047142,-0.005754806804185609,0.002997454331132281,4.990161459935283,0.004651420270059457,0.0037601881488892545,-0.01066759051564248,-0.004368283922807177,-0.003218985824064932,0.004651420270059457,4.992472416665608,-0.0002876793913058429,-0.008449980768010231,0.002814285026264824,-0.0013245544862604914,0.0037601881488892545,-0.000287679391305843,4.997671540472662],"inverse_covariance_input":[],"mean":[-1.1076967638554251,0.17328755757009073,-0.33153089875314207,0.3906879364303639,-0.04636549630964339,-0.12421115125271821]}],"label":"","mixture_coeffs":[1],"parameters":{"absolute_regularization":0.2,"covariance_mode":0,"gaussians":1,"relative_regularization":0.2}},{"components":[{"bimodal":false,"covariance":[0.29223328532979237,-0.00025814003247255017,0.0022673504978820654,-0.0008739697801445929,0.0009234353395575265,0.00043544055964762934,-0.00025814003247255017,0.23551252075762574,-0.0001252707881425809,0.00010480982952002608,-0.00012466444558898604,-0.000021645247662935963,0.0022673504978820654,-0.0001252707881425809,0.7537826015912147,-0.0006960998421116023,0.0009866729115997287,0.0002469858105844674,-0.0008739697801445929,0.00010480982952002608,-0.0006960998421116023,0.20029388290971664,-0.00029692139783998726,-0.00014890839613447023,0.0009234353395575265,-0.00012466444558898604,0.0009866729115997287,-0.00029692139783998726,0.20049589772959492,0.00015083749029989345,0.00043544055964762934,-0.000021645247662935963,0.0002469858105844674,-0.00014890839613447023,0.00015083749029989345,0.2000870314112585],"covariance_determinant":0.00041682328707967327,"covariance_determinant_input":0,"covariance_mode":0,"dimension":6,"dimension_input":0,"inverse_covariance":[3.4221116058702394,0.0037298476201856378,-0.010256284151922864,0.014865816682232741,-0.015681030629076227,-0.007411441711250387,0.0037298476201856373,4.246065611123391,0.0006888311657325998,-0.0021990031666847005,0.00261595961764319,0.0004467598316507202,-0.010256284151922862,0.0006888311657325999,1.3266866245735685,0.004554852732598517,-0.006473219922550211,-0.0016069867047328599,0.01486581668223274,-0.0021990031666847005,0.004554852732598517,4.992759104058516,0.007298938520370502,0.003671987285845566,-0.015681030629076227,0.00261595961764319,-0.00647321992255021,0.007298938520370503,4.987752527432544,-0.003712232730382193,-0.007411441711250388,0.0004467598316507202,-0.0016069867047328599,0.0036719872858455662,-0.0037122327303821933,4.997848853550462],"inverse_covariance_input":[],"mean":[-1.1137900289741334,-0.17738252318706216,-1.395505205497695,0.25890051266530073,-0.2880296463002372,-0.03276961151333569]}],"label":"","mixture_coeffs":[1],"parameters":{"absolute_regularization":0.2,"covariance_mode":0,"gaussians":1,"relative_regularization":0.2}},{"components":[{"bimodal":false,"covariance":[0.5343303291930528,0.07701335155639608,0.23705258273295188,0.0036302365303584674,0.0011425677746187538,-0.0071114337298380246,0.07701335155639608,0.2911043999103571,0.14106115910426822,0.003428991014424063,0.005665213558387231,-0.0005998470743194043,0.23705258273295188,0.14106115910426822,1.2591466890294596,0.016265644574333115,-0.0054311781670219545,-0.00566252461192391,0.0036302365303584674,0.003428991014424063,0.016265644574333115,0.21848855366434689,-0.0033375121029333324,-0.005854191363203394,0.0011425677746187538,0.005665213558387231,-0.0054311781670219545,-0.0033375121029333324,0.22609747690764406,-0.0027612806377566293,-0.0071114337298380246,-0.0005998470743194043,-0.00566252461192391,-0.005854191363203394,-0.0027612806377566293,0.2043186855227555],"covariance_determinant":0.0016753042726433875,"covariance_determinant_input":0,"covariance_mode":0,"dimension":6,"dimension_input":0,"inverse_covariance":[2.0821576858805404,-0.3814175140737999,-0.3490125335274548,-0.0011097744525262504,-0.00861374368514689,0.06153015486319901,-0.38141751407379987,3.704726136636182,-0.34335993587375996,-0.028143797370291376,-0.09973529071162712,-0.01406918130583376,-0.3490125335274548,-0.3433599358737599,0.8992547504094999,-0.05499615358104537,0.031286272156087785,0.010613524481267558,-0.001109774452526246,-0.028143797370291372,-0.05499615358104537,4.586003834632382,0.0686814743170762,0.130682133462298,-0.00861374368514689,-0.09973529071162711,0.031286272156087785,0.0686814743170762,4.427937256196809,0.06208403880642875,0.06153015486319901,-0.01406918130583376,0.010613524481267558,0.13068213346229798,0.06208403880642875,4.901292775617554],"inverse_covariance_input":[],"mean":[-0.12565587224510189,0.15290565464513237,-0.025208908812682885,0.048342658022912086,0.04880565681002726,0.013898195101214218]}],"label":"","mixture_coeffs":[1],"parameters":{"absolute_regularization":0.2,"covariance_mode":0,"gaussians":1,"relative_regularization":0.2}},{"components":[{"bimodal":false,"covariance":[0.5452110895861306,0.12560279352864948,0.41348287914403914,0.07032979342137341,-0.020733019321723372,-0.016824893958014953,0.12560279352864948,0.32451962771408366,0.2683253424316136,0.02862780626197092,-0.005739194965188798,-0.002034660873858103,0.41348287914403914,0.2683253424316136,1.605793555074095,0.09920782782938171,-0.04296435475416406,-0.0116636417663749,0.07032979342137341,0.02862780626197092,0.09920782782938171,0.2438380292021421,-0.0031752855474015025,-0.016731909765382937,-0.020733019321723372,-0.005739194965188798,-0.04296435475416406,-0.0031752855474015025,0.2187087748770198,0.0002262876835962326,-0.016824893958014953,-0.002034660873858103,-0.0116636417663749,-0.016731909765382937,0.0002262876835962326,0.20771322535637235],"covariance_determinant":0.002004340335797412,"covariance_determinant_input":0,"covariance_mode":0,"dimension":6,"dimension_input":0,"inverse_covariance":[2.3881463363748483,-0.46505668240731923,-0.507608558723039,-0.4175847132830385,0.10827528177049969,0.1266266059541129,-0.46505668240731907,3.674026839783698,-0.4894004763847652,-0.10124289381259342,-0.0452468828634553,-0.03726806841724308,-0.507608558723039,-0.4894004763847651,0.8465655815000264,-0.13989043989343192,0.10332066681847117,-0.009754799712471996,-0.4175847132830385,-0.10124289381259341,-0.13989043989343192,4.311133552420702,-0.007448246111483752,0.3046110206593393,0.10827528177049969,-0.04524688286345531,0.10332066681847119,-0.007448246111483761,4.601547065649345,0.008515858849829137,0.12662660595411293,-0.03726806841724308,-0.009754799712471994,0.30461102065933937,0.008515858849829139,4.848201987123904],"inverse_covariance_input":[],"mean":[-0.5298139164110997,-0.06730040715561436,-0.876189439602563,0.041515303662025334,-0.05382141996803471,-0.00002324103805512943]}],"label":"","mixture_coeffs":[1],"parameters":{"absolute_regularization":0.2,"covariance_mode":0,"gaussians":1,"relative_regularization":0.2}},{"components":[{"bimodal":false,"covariance":[0.5176545546469944,0.08843271985587574,0.30309679607216466,0.05279421245667351,-0.01608524954871578,-0.014270388965095774,0.08843271985587574,0.30226852936492604,0.18704663964016174,0.014481366300284662,-0.0012908816046731167,0.000025905328330093663,0.30309679607216466,0.18704663964016174,1.303972578433504,0.058713108019826536,-0.015395749672902402,-0.006709001604517677,0.05279421245667351,0.014481366300284662,0.058713108019826536,0.22149076124775693,-0.004999690017098806,-0.008013434366703027,-0.01608524954871578,-0.0012908816046731167,-0.015395749672902402,-0.004999690017098806,0.20709879231770031,0.001052595778612273,-0.014270388965095774,0.000025905328330093663,-0.006709001604517677,-0.008013434366703027,0.001052595778612273,0.20385310023270772],"covariance_determinant":0.001428182729879017,"covariance_determinant_input":0,"covariance_mode":0,"dimension":6,"dimension_input":0,"inverse_covariance":[2.3154798651470903,-0.3701023542877109,-0.46502181057661496,-0.39672856817776286,0.13272416389909056,0.13055327880074657,-0.370102354287711,3.6921136862076054,-0.4425414110306779,-0.03828518264803825,-0.03934022061674183,-0.04224388760785509,-0.46502181057661496,-0.44254141103067784,0.9437159327730071,-0.10995271623193378,0.028655133279270262,-0.005908408419404433,-0.3967285681777628,-0.03828518264803829,-0.10995271623193377,4.648166090149207,0.07222053655595681,0.15095969931804448,0.1327241638990905,-0.03934022061674182,0.02865513327927027,0.0722205365559568,4.84261114228569,-0.011926655091577814,0.13055327880074657,-0.04224388760785509,-0.005908408419404432,0.15095969931804445,-0.011926655091577814,4.920439077618384],"inverse_covariance_input":[],"mean":[-0.03476453649948945,0.18172208891177558,-0.05816160366574818,0.19358044314708014,-0.11139454919781783,-0.03699393140910359]}],"label":"","mixture_coeffs":[1],"parameters":{"absolute_regularization":0.2,"covariance_mode":0,"gaussians":1,"relative_regularization":0.2}},{"components":[{"bimodal":false,"covariance":[0.2932691270893565,0.0017632786581501427,0.005883266254819013,0.001158825252300557,-0.0002639245831086493,-0.0002814501292594878,0.0017632786581501427,0.2355287833233287,0.0026289797008547063,0.0005160283599660347,-0.0001197342396142708,-0.00012443679773002612,0.005883266254819013,0.0026289797008547063,0.7585977886675603,0.0017217467826843803,-0.0003979303033771207,-0.00041583147936104285,0.001158825252300557,0.0005160283599660347,0.0017217467826843803,0.2363670376076354,0.007093297659563211,-0.016897038085970317,-0.0002639245831086493,-0.0001197342396142708,-0.0003979303033771207,0.007093297659563211,0.2014461165194653,-0.0033283797191548873,-0.0002814501292594878,-0.00012443679773002612,-0.00041583147936104285,-0.016897038085970317,-0.0033283797191548873,0.20786784744122472],"covariance_determinant":0.0005148241215123901,"covariance_determinant_input":0,"covariance_mode":0,"dimension":6,"dimension_input":0,"inverse_covariance":[3.410589276223822,-0.02519925406474237,-0.026321673915840466,-0.016389426695461506,0.005033011573624171,0.003298483688396749,-0.02519925406474237,4.246138130537351,-0.014497014943178623,-0.008997032218430265,0.002808557459241948,0.0017923884690092538,-0.02632167391584047,-0.014497014943178623,1.3184998792149567,-0.009397135334255775,0.0029233118116675856,0.0018762290444377543,-0.01638942669546151,-0.008997032218430265,-0.009397135334255775,4.25979383164241,-0.14435853182616634,0.34390974597171103,0.005033011573624171,0.002808557459241948,0.0029233118116675856,-0.14435853182616631,4.97032508026699,0.06786465243589208,0.003298483688396749,0.0017923884690092533,0.0018762290444377543,0.34390974597171103