{"configuration":{"default_parameters":{"absolute_regularization":0.2,"covariance_mode":0,"gaussians":1,"hierarchical":true,"regression_estimator":0,"relative_regularization":0.2,"states":20,"transition_mode":1},"multiClass_regression_estimator":0,"multithreading":0},"exit_transition":[0.1,0.1,0.1],"models":[{"exitProbabilities":[0,0,0,0,0,0,0,0,0,0,0,0,0,0,0,0,0,0,0,0.10000000149011612],"label":"Block","parameters":{"absolute_regularization":0.2,"covariance_mode":0,"gaussians":1,"hierarchical":true,"regression_estimator":0,"relative_regularization":0.2,"states":20,"transition_mode":1},"states":[{"components":[{"bimodal":false,"covariance":[0.4422162771972039,-0.05160801145159307,-0.029660169030313526,-0.006033652300173221,-0.006942154918880042,-0.0004093534253804925,-0.05160801145159307,0.9797787521614281,0.09329172885973498,0.007316894557075948,0.016843771164519176,-0.00827390302179048,-0.029660169030313526,0.09329172885973498,1.0370306812873675,0.0061613473947829175,0.06138551943162397,-0.016396291599590655,-0.006033652300173221,0.007316894557075948,0.0061613473947829175,0.2639837765416132,-0.0035574741291944678,0.00042361946088019195,-0.006942154918880042,0.016843771164519176,0.06138551943162397,-0.0035574741291944678,0.22923708987560204,-0.007200576324174411,-0.0004093534253804925,-0.00827390302179048,-0.016396291599590655,0.00042361946088019195,-0.007200576324174411,0.20456183680747342],"covariance_determinant":0.00536488074271832,"covariance_determinant_input":0,"covariance_mode":0,"dimension":6,"dimension_input":0,"inverse_covariance":[2.279564714932567,0.11405685601602052,0.052048783362042494,0.04834792832784936,0.04793479166111581,0.01493400269460103,0.11405685601602053,1.0361802475052226,-0.0863818115280295,-0.02480955428677284,-0.048881716327266574,0.03354553548585814,0.05204878336204249,-0.08638181152802948,0.9898656462137702,-0.02306873849432725,-0.25539782387361976,0.06700897123689775,0.04834792832784936,-0.024809554286772836,-0.02306873849432725,3.791372842600726,0.06804392468085221,-0.008212020834549614,0.04793479166111581,-0.04888171632726657,-0.25539782387361976,0.06804392468085221,4.440989753432763,0.13382976936281407,0.014934002694601028,0.033545535485858126,0.06700897123689775,-0.008212020834549614,0.13382976936281404,4.899982862437483],"inverse_covariance_input":[],"mean":[0.05695155595079289,0.24823989969075788,0.29096345676858265,0.043299798660202705,-0.0011815664256470217,0.011826537904851544]}],"label":"","mixture_coeffs":[1],"parameters":{"absolute_regularization":0.2,"covariance_mode":0,"gaussians":1,"relative_regularization":0.2}},{"components":[{"bimodal":false,"covariance":[0.7927714970969773,-0.40778364313580223,-0.46871258179971,-0.047815964667738686,-0.13508561274940986,0.01464752448224848,-0.40778364313580223,1.7632572595626366,0.02598056221397558,-0.029387410150340104,0.06173402024370726,0.06629323457211167,-0.46871258179971,0.02598056221397558,3.4125848325219876,0.625383904822538,0.2331847011071918,-0.08832755860423899,-0.047815964667738686,-0.029387410150340104,0.625383904822538,0.4830931759664653,-0.022104123950540067,0.024521282249467997,-0.13508561274940986,0.06173402024370726,0.2331847011071918,-0.022104123950540067,0.3096826197066729,-0.05463539014164826,0.01464752448224848,0.06629323457211167,-0.08832755860423899,0.024521282249467997,-0.05463539014164826,0.24173666087307172],"covariance_determinant":0.08510926504470402,"covariance_determinant_input":0,"covariance_mode":0,"dimension":6,"dimension_input":0,"inverse_covariance":[1.644624484123908,0.3597846900921074,0.19833591747298623,-0.04911367984246307,0.4910834651342111,-0.009876754949165666,0.35978469009210745,0.6592411663414507,0.034008606594120624,0.040425142610236,-0.032778748020765656,-0.2016716992228401,0.19833591747298618,0.034008606594120624,0.4483686969836849,-0.5783569028962792,-0.2746199924418658,0.13908409227414167,-0.04911367984246294,0.040425142610236,-0.5783569028962792,2.8607445790933435,0.5418971307309146,-0.3871474713183986,0.4910834651342112,-0.03277874802076567,-0.2746199924418658,0.5418971307309147,3.8164343669819485,0.6864813395482157,-0.009876754949165744,-0.2016716992228401,0.13908409227414167,-0.3871474713183987,0.6864813395482154,4.437881378593038],"inverse_covariance_input":[],"mean":[-0.9856346978580302,1.6707927312010793,2.232835580731671,0.49831998390812116,0.2095101812222185,0.023693967170317427]}],"label":"","mixture_coeffs":[1],"parameters":{"absolute_regularization":0.2,"covariance_mode":0,"gaussians":1,"relative_regularization":0.2}},{"components":[{"bimodal":false,"covariance":[2.3945930255037213,-1.0211779304194635,-2.824674970439079,-0.4078730782388065,-1.2515740794335208,0.402132759261438,-1.0211779304194635,2.63996634328929,1.0547072721898711,0.11360246335982066,0.1130197143012402,-0.11820946176435473,-2.824674970439079,1.0547072721898711,8.91301333828341,1.7435155632617358,2.964571593303922,-0.799714428958435,-0.4078730782388065,0.11360246335982066,1.7435155632617358,0.7595022015616452,0.649826660225359,-0.1105078730439823,-1.2515740794335208,0.1130197143012402,2.964571593303922,0.649826660225359,1.5456706677850078,-0.33418810907595603,0.402132759261438,-0.11820946176435473,-0.799714428958435,-0.1105078730439823,-0.33418810907595603,0.32648663515629206],"covariance_determinant":1.1257318100749292,"covariance_determinant_input":0,"covariance_mode":0,"dimension":6,"dimension_input":0,"inverse_covariance":[1.0404806802724234,0.33666051863116553,0.09141925518027356,-0.3730383695438944,0.7316989768199679,-0.3130424925849082,0.3366605186311654,0.5262458061113376,-0.08329874120298547,-0.066768444159213,0.4167268882931136,-0.024207615715704223,0.09141925518027352,-0.08329874120298546,0.4266711630152384,-0.46209600218980856,-0.4914402634419415,0.24291031098317506,-0.37303836954389424,-0.06676844415921294,-0.46209600218980856,2.6552941771821366,-0.6209224833684469,-0.43340381211154244,0.7316989768199678,0.41672688829311355,-0.49144026344194164,-0.6209224833684469,2.497345064670635,0.3919770402662176,-0.3130424925849083,-0.024207615715704265,0.24291031098317512,-0.4334038121115424,0.39197704026621744,4.289245973246969],"inverse_covariance_input":[],"mean":[-2.499301980143786,3.824451971849908,5.500246414619226,1.2440545575727335,1.3078398138993168,-0.19164689631942383]}],"label":"","mixture_coeffs":[1],"parameters":{"absolute_regularization":0.2,"covariance_mode":0,"gaussians":1,"relative_regularization":0.2}},{"components":[{"bimodal":false,"covariance":[1.464752449265451,-1.0503920202949506,-0.34090736934309473,0.18480301546051145,-0.4270055280003297,0.14736218690737202,-1.0503920202949506,6.214318589135893,0.14417791889077863,-0.2712400673855941,-0.6945560708598695,0.04351356485026884,-0.34090736934309473,0.14417791889077863,8.355073811903882,1.3016299390535833,2.3470637555681537,-1.0088014010380537,0.18480301546051145,-0.2712400673855941,1.3016299390535833,1.6875388289412252,-0.15804810393661406,0.1726801159833256,-0.4270055280003297,-0.6945560708598695,2.3470637555681537,-0.15804810393661406,2.0569105319168535,-0.7049487469566876,0.14736218690737202,0.04351356485026884,-1.0088014010380537,0.1726801159833256,-0.7049487469566876,0.564975856276922],"covariance_determinant":27.282771874192598,"covariance_determinant_input":0,"covariance_mode":0,"dimension":6,"dimension_input":0,"inverse_covariance":[0.8969432246117301,0.18927824726118744,-0.049688495464596034,-0.006549044219377286,0.3344223083610213,0.08202822509373665,0.18927824726118744,0.2201468560065123,-0.05730197953071366,0.07125241056613303,0.20830901623721618,0.06949882342874113,-0.049688495464596055,-0.05730197953071367,0.26107235656842964,-0.2533406421753031,-0.27041069061625195,0.22356175116851273,-0.006549044219377255,0.07125241056613305,-0.2533406421753031,0.8661146925108781,0.22935309067107798,-0.4346811790731832,0.33442230836102144,0.2083090162372162,-0.27041069061625195,0.2293530906710779,1.270531701271557,0.9290996287771645,0.08202822509373667,0.0694988234287411,0.22356175116851287,-0.4346811790731834,0.9290996287771643,3.434564152721059],"inverse_covariance_input":[],"mean":[-0.4539364075041716,4.513583422340605,4.214338095763131,2.530323925875126,-0.36919006082830164,0.4765517537027294]}],"label":"","mixture_coeffs":[1],"parameters":{"absolute_regularization":0.2,"covariance_mode":0,"gaussians":1,"relative_regularization":0.2}},{"components":[{"bimodal":false,"covariance":[8.20066659654374,-7.772733560579562,0.2716645078189968,2.37966724465477,2.450850923860673,-2.1194965737264484,-7.772733560579562,34.51333993765207,10.213132254603337,0.24649929738420737,-4.787527923571885,-1.8853710482544948,0.2716645078189968,10.213132254603337,6.535759084978908,1.3738511037391536,0.34214462197611156,-1.6915701991789203,2.37966724465477,0.24649929738420737,1.3738511037391536,1.9152973967637903,0.21189361517546232,-1.0951882310584051,2.450850923860673,-4.787527923571885,0.34214462197611156,0.21189361517546232,2.8847587690301686,-0.23065268467096942,-2.1194965737264484,-1.8853710482544948,-1.6915701991789203,-1.0951882310584051,-0.23065268467096942,1.5660451432118354],"covariance_determinant":263.85932969760995,"covariance_determinant_input":0,"covariance_mode":0,"dimension":6,"dimension_input":0,"inverse_covariance":[0.6298394795603262,0.15753219522854595,0.013770398434701604,-0.3388986200186662,-0.18704631957681267,0.7924052151657189,0.157532195228546,0.183619927186451,-0.2589202500587493,0.08179009876729221,0.21506519698553667,0.24346666121270358,0.013770398434701653,-0.2589202500587493,0.6915289959537697,-0.3456535107903862,-0.4868005291504149,0.14045438308156094,-0.3388986200186662,0.08179009876729232,-0.34565351079038636,1.251209451995714,0.3886397295615152,0.19869395651947158,-0.18704631957681267,0.21506519698553667,-0.48680052915041483,0.388639729561515,0.8822112807867656,-0.11832707897862099,0.7924052151657192,0.2434666612127037,0.14045438308156064,0.1986939565194717,-0.11832707897862084,2.277347125887798],"inverse_covariance_input":[],"mean":[2.789885829763836,3.946571576772228,7.646801236324309,3.012232053608977,2.158731904628984,-1.4428600920324985]}],"label":"","mixture_coeffs":[1],"parameters":{"absolute_regularization":0.2,"covariance_mode":0,"gaussians":1,"relative_regularization":0.2}},{"components":[{"bimodal":false,"covariance":[19.985982361468597,-29.450194328033113,-42.98259679583204,1.0696337166469534,9.503900607975101,-5.160190091190085,-29.450194328033113,61.785168830710866,110.21467768238293,2.3369557355595916,-12.802241561681337,9.428512658030243,-42.98259679583204,110.21467768238293,237.6983629042007,12.00227540244237,-16.672527712208012,14.897750960496271,1.0696337166469534,2.3369557355595916,12.00227540244237,3.180625671936125,1.1072303529611052,-0.14293564141789847,9.503900607975101,-12.802241561681337,-16.672527712208012,1.1072303529611052,5.421654257247547,-1.999083398670293,-5.160190091190085,9.428512658030243,14.897750960496271,-0.14293564141789847,-1.999083398670293,2.3370872376258887],"covariance_determinant":6922.49034247175,"covariance_determinant_input":0,"covariance_mode":0,"dimension":6,"dimension_input":0,"inverse_covariance":[0.7664973717839539,0.16635705019370145,-0.03859644998289227,0.1038267347191132,-0.9072186298307888,0.4976312862625484,0.16635705019370142,0.3770381621917303,-0.12779962820780702,0.10662269686893294,0.08950239189110712,-0.256038846099095,-0.03859644998289221,-0.127799628207807,0.05773163095955511,-0.10160516615029705,-0.022104885476250013,0.037230712800242045,0.10382673471911308,0.10662269686893282,-0.10160516615029702,0.6992856817361345,-0.2994295632641626,0.2334225577553105,-0.9072186298307892,0.08950239189110716,-0.02210488547624999,-0.2994295632641627,1.683821301178438,-0.8012888253600128,0.497631286262548,-0.25603884609909483,0.037230712800241976,0.23342255775531048,-0.8012888253600118,1.651117167995861],"inverse_covariance_input":[],"mean":[2.240167061644128,0.4602043533281417,13.579613124734434,3.541788713331083,0.521355319384054,-0.629748189365193]}],"label":"","mixture_coeffs":[1],"parameters":{"absolute_regularization":0.2,"covariance_mode":0,"gaussians":1,"relative_regularization":0.2}},{"components":[{"bimodal":false,"covariance":[6.643159114361675,-6.407444643615757,-4.083808792360519,0.2147005682657899,2.8144700095866186,0.2485297815654563,-6.407444643615757,109.15648975418515,128.8508843612832,-0.6931580034063555,-5.544840825276988,-3.244479010508721,-4.083808792360519,128.8508843612832,221.082755023377,17.102687335081015,7.036171580842849,-1.0921141675596557,0.2147005682657899,-0.6931580034063555,17.102687335081015,5.814755495564599,3.927475442732244,1.2541841240415486,2.8144700095866186,-5.544840825276988,7.036171580842849,3.927475442732244,4.352758128067569,0.7160497518424407,0.2485297815654563,-3.244479010508721,-1.0921141675596557,1.2541841240415486,0.7160497518424407,1.4835688400643763],"covariance_determinant":24757.059765838352,"covariance_determinant_input":0,"covariance_mode":0,"dimension":6,"dimension_input":0,"inverse_covariance":[0.4613024909579492,0.020353671572070346,-0.02910789441944278,0.630767582554801,-0.7579814477429501,-0.22159116756781794,0.02035367157207024,0.14345860742557012,-0.10805182908870688,0.27412256595434753,0.10544015009404667,-0.05184494831160606,-0.02910789441944267,-0.10805182908870686,0.08910159068648227,-0.2671800415429166,-0.034384790148408666,0.07662979998231473,0.6307675825548007,0.27412256595434775,-0.2671800415429168,2.040189825378274,-1.3390919492320057,-0.781283568649153,-0.7579814477429502,0.10544015009404642,-0.03438479014840838,-1.339091949232007,2.039012824290349,0.4801667562016658,-0.22159116756781785,-0.05184494831160616,0.07662979998231484,-0.7812835686491533,0.48016675620166543,1.0829297342049076],"inverse_covariance_input":[],"mean":[4.66064720222804,-7.042865043116981,11.289330991450424,5.987713928173344,4.147834943635868,-0.36123246986899005]}],"label":"","mixture_coeffs":[1],"parameters":{"absolute_regularization":0.2,"covariance_mode":0,"gaussians":1,"relative_regularization":0.2}},{"components":[{"bimodal":false,"covariance":[23.635790917986206,-28.55773484530177,-32.06385736338777,2.4535669169715733,5.440151436810233,3.2313766156687636,-28.55773484530177,86.47019716506877,50.114550202471335,-15.178531827323926,-11.625899345843973,-8.135545189038584,-32.06385736338777,50.114550202471335,65.5017016077899,-2.9805507363743446,-5.004621469861707,-4.041855608237238,2.4535669169715733,-15.178531827323926,-2.9805507363743446,4.805722760902467,2.3275067696225977,2.2791558538354253,5.440151436810233,-11.625899345843973,-5.004621469861707,2.3275067696225977,2.6564642945100627,1.4098391382519235,3.2313766156687636,-8.135545189038584,-4.041855608237238,2.2791558538354253,1.4098391382519235,1.784716882830031],"covariance_determinant":3790.8700309551323,"covariance_determinant_input":0,"covariance_mode":0,"dimension":6,"dimension_input":0,"inverse_covariance":[0.4842884671965023,-0.10413207529443831,0.229921911129058,0.1926865747822515,-1.0531766987658333,-0.24493042903913612,-0.1041320752944385,0.15009832900923092,-0.12789796389426786,0.3110026284919921,0.44428999533913033,-0.16502578051957112,0.2299219111290581,-0.12789796389426777,0.1775031861247396,-0.1579282610480401,-0.5989525142483515,0.07750703483802286,0.1926865747822512,0.3110026284919921,-0.15792826104804028,1.6860279172670987,-0.07403861322574877,-1.3834844439308878,-1.0531766987658338,0.44428999533913005,-0.5989525142483516,-0.07403861322574927,3.4385776857624624,-0.04607092108528524,-0.24493042903913595,-0.1650257805195711,0.07750703483802299,-1.383484443930888,-0.046070921085285536,2.2302076618295192],"inverse_covariance_input":[],"mean":[8.420267652448505,-18.44290218307383,-9.254719645684446,4.214729474149495,2.5669893031744655,0.5628244458091597]}],"label":"","mixture_coeffs":[1],"parameters":{"absolute_regularization":0.2,"covariance_mode":0,"gaussians":1,"relative_regularization":0.2}},{"components":[{"bimodal":false,"covariance":[6.920847277934258,-2.4315549119795055,-4.137348045177544,-1.2023545815793293,1.6479483826785153,-0.029762140862906808,-2.4315549119795055,12.61646011815459,8.506700389924436,-0.6097030525873925,-0.9870658962784176,-0.10917140053483643,-4.137348045177544,8.506700389924436,12.264306946829205,0.7914792215988249,-1.1278947581206291,-0.9739584171252598,-1.2023545815793293,-0.6097030525873925,0.7914792215988249,0.9755040549378049,-0.13888874071054547,-0.06528315391354024,1.6479483826785153,-0.9870658962784176,-1.1278947581206291,-0.13888874071054547,0.6999944781956733,0.020273943916427645,-0.029762140862906808,-0.10917140053483643,-0.9739584171252598,-0.06528315391354024,0.020273943916427645,0.562352993900482],"covariance_determinant":29.574275685103583,"covariance_determinant_input":0,"covariance_mode":0,"dimension":6,"dimension_input":0,"inverse_covariance":[0.49047744508570185,-0.01011786454594931,0.07512690332448725,0.4146772795036051,-0.9725083294096735,0.23730926775836692,-0.010117864545949339,0.22067437726485678,-0.184852408152887,0.272744500390022,0.09849231137434336,-0.24973560246020832,0.07512690332448724,-0.18485240815288703,0.2796525770884251,-0.2275478483920729,-0.044459502677258525,0.42761691211375263,0.4146772795036051,0.27274450039002207,-0.22754784839207287,1.8001595911725192,-0.5985488784325288,-0.08864453115369099,-0.9725083294096736,0.09849231137434335,-0.04445950267725853,-0.5985488784325288,3.675595890672509,-0.31134728288248126,0.23730926775836686,-0.24973560246020834,0.4276169121137527,-0.08864453115369109,-0.31134728288248126,2.4838583508233048],"inverse_covariance_input":[],"mean":[6.276206066232543,-9.164831978816128,-4.421738360667958,0.9009096104376182,1.188599976648847,-0.19314542549160493]}],"label":"","mixture_coeffs":[1],"parameters":{"absolute_regularization":0.2,"covariance_mode":0,"gaussians":1,"relative_regularization":0.2}},{"components":[{"bimodal":false,"covariance":[6.241732280795909,1.8089164438564929,-3.0330032673796965,-2.3202673614874065,0.6506012181211088,-1.0386744647446289,1.8089164438564929,2.123027378262025,-2.14029487478228,-1.0855917544174116,0.042383526334366255,-0.26356965363504814,-3.0330032673796965,-2.14029487478228,6.6674075508287975,2.0442972806275184,0.1928557523601738,0.046793625511674736,-2.3202673614874065,-1.0855917544174116,2.0442972806275184,1.4332578314833262,-0.16032689983481926,0.32170969237973074,0.6506012181211088,0.042383526334366255,0.1928557523601738,-0.16032689983481926,0.3538586902237697,-0.18679837271686164,-1.0386744647446289,-0.26356965363504814,0.046793625511674736,0.32170969237973074,-0.18679837271686164,0.512472503506446],"covariance_determinant":1.088590447143748,"covariance_determinant_input":0,"covariance_mode":0,"dimension":6,"dimension_input":0,"inverse_covariance":[0.6029321202420284,-0.010843360520371728,0.07992544059619122,0.6592679812889483,-0.5352817212518591,0.6001679296379159,-0.010843360520371638,0.8444787244508959,0.14226160853267378,0.3878751682232138,0.1229266823663203,0.20067146873604827,0.07992544059619133,0.14226160853267386,0.3587473754048847,-0.38543628579412714,-0.37094577922514543,0.3091517822021712,0.6592679812889477,0.38787516822321355,-0.3854362857941274,2.630312520955664,0.12485181327564934,-0.034815553536280526,-0.535281721251859,0.12292668236632043,-0.37094577922514543,0.12485181327564897,4.323194574986639,0.5096348720761342,0.600167929637916,0.20067146873604833,0.30915178220217115,-0.034815553536280325,0.509634872076134,3.4503375957997124],"inverse_covariance_input":[],"mean":[1.3494030781416553,-5.458600208829511,0.15118316013982966,1.3101273442136405,0.23708947072876238,0.0785751842275886]}],"label":"","mixture_coeffs":[1],"parameters":{"absolute_regularization":0.2,"covariance_mode":0,"gaussians":1,"relative_regularization":0.2}},{"components":[{"bimodal":false,"covariance":[1.4392006526683156,0.42937363913490323,-0.3887961711340944,-0.21874987243496463,0.16478493711565192,-0.23288320754436231,0.42937363913490323,1.749794262776143,-0.7836387867562117,-0.3592491544796867,-0.10155029140552785,0.067814479286915,-0.3887961711340944,-0.7836387867562117,1.844683704467163,0.29554567884172883,0.10437579569501691,-0.080469222576612,-0.21874987243496463,-0.3592491544796867,0.29554567884172883,0.4262888385208906,0.02291519833623619,-0.02492385020153033,0.16478493711565192,-0.10155029140552785,0.10437579569501691,0.02291519833623619,0.2839511110472519,-0.1010775617071968,-0.23288320754436231,0.067814479286915,-0.080469222576612,-0.02492385020153033,-0.1010775617071968,0.3453482435027826],"covariance_determinant":0.07653402136452508,"covariance_determinant_input":0,"covariance_mode":0,"dimension":6,"dimension_input":0,"inverse_covariance":[0.9872212931888283,-0.16331284012231462,0.13961604394651264,0.334318611791085,-0.49235375037668905,0.610350929600035,-0.16331284012231465,0.8192073826338436,0.2265544025770485,0.43025087448935234,0.2267556435581438,-0.1207849420438749,0.13961604394651267,0.22655440257704845,0.7200108413523332,-0.2176489466269746,-0.1956796892114324,0.14445071397789014,0.3343186117910849,0.43025087448935256,-0.21764894662697462,3.0529503440737855,-0.10712021941739641,0.2792246330598119,-0.49235375037668905,0.22675564355814387,-0.19567968921143242,-0.10712021941739631,4.259933980357003,0.8169419355137693,0.610350929600035,-0.12078494204387484,0.14445071397789008,0.2792246330598121,0.8169419355137693,3.62384683341454],"inverse_covariance_input":[],"mean":[1.839863985668701,-3.672498051789202,-1.0063485012304578,0.34402305728924565,0.20243232885866774,-0.20526374046508947]}],"label":"","mixture_coeffs":[1],"parameters":{"absolute_regularization":0.2,"covariance_mode":0,"gaussians":1,"relative_regularization":0.2}},{"components":[{"bimodal":false,"covariance":[1.0147731729097829,0.1974276416876953,-0.2424962593862139,-0.06416048048193791,0.01722917212401299,-0.008430812243715715,0.1974276416876953,1.5780186756392733,-0.5323503086326901,-0.23104327157529997,0.04934262771460255,-0.03070273030459987,-0.2424962593862139,-0.5323503086326901,1.613892688125938,0.24025487435907789,-0.04488624107782043,0.04241043389518021,-0.06416048048193791,-0.23104327157529997,0.24025487435907789,0.3578412996978636,-0.02816451830018734,0.021659761589876567,0.01722917212401299,0.04934262771460255,-0.04488624107782043,-0.02816451830018734,0.22470813258610023,-0.0275891295655898,-0.008430812243715715,-0.03070273030459987,0.04241043389518021,0.021659761589876567,-0.0275891295655898,0.25044529922946585],"covariance_determinant":0.036433667343373624,"covariance_determinant_input":0,"covariance_mode":0,"dimension":6,"dimension_input":0,"inverse_covariance":[1.0335635811709678,-0.08037598785257825,0.12051762452516702,0.05021523922722928,-0.0316346384645668,-0.003296563293770888,-0.08037598785257821,0.7592548450379111,0.18434654044405574,0.34464289428466965,-0.07798912474114014,0.020758265916020043,0.12051762452516705,0.18434654044405568,0.7549529223366351,-0.35852334227710114,0.04818260043665267,-0.06487257438676541,0.050215239227229265,0.3446428942846697,-0.35852334227710114,3.2951946252457103,0.24301497286123058,-0.15356085710094305,-0.0316346384645668,-0.07798912474114017,0.04818260043665267,0.24301497286123058,4.5667309569078425,0.4632702482007577,-0.003296563293770891,0.020758265916020036,-0.0648725743867654,-0.15356085710094308,0.46327024820075763,4.070621945605935],"inverse_covariance_input":[],"mean":[0.45856985373316006,-2.2764112054948824,-0.19215066706845874,0.016740368581104555,0.03009736871115201,-0.04811878765963756]}],"label":"","mixture_coeffs":[1],"parameters":{"absolute_regularization":0.2,"covariance_mode":0,"gaussians":1,"relative_regularization":0.2}},{"components":[{"bimodal":false,"covariance":[0.5168331179646541,0.05724325837094362,0.03195521042924067,-0.012254476439274785,0.007771470786328821,-0.010474148574994957,0.05724325837094362,1.0621703270451945,0.12257333514198626,-0.009673171462114157,-0.0349465040085321,0.01621282610717055,0.03195521042924067,0.12257333514198626,1.058102912708961,0.008857944888751808,-0.00976326733136483,0.00988826215851641,-0.012254476439274785,-0.009673171462114157,0.008857944888751808,0.28475854809220835,-0.00931317486351084,0.0015238610980676751,0.007771470786328821,-0.0349465040085321,-0.00976326733136483,-0.00931317486351084,0.2250799515507948,-0.009914682265143974,-0.010474148574994957,0.01621282610717055,0.00988826215851641,0.0015238610980676751,-0.009914682265143974,0.21070799981632135],"covariance_determinant":0.0075805562129264,"covariance_determinant_input":0,"covariance_mode":0,"dimension":6,"dimension_input":0,"inverse_covariance":[1.9544647948444105,-0.10304183379784199,-0.049433030088258605,0.07905012307761194,-0.07781028929884132,0.10317043043437427,-0.10304183379784197,0.965595026346101,-0.10706101156249519,0.03687945445570388,0.1473772459898559,-0.06772715317288562,-0.049433030088258605,-0.10706101156249519,0.9598449364809352,-0.034646721457411246,0.023616160993578026,-0.037902035922544826,0.07905012307761193,0.03687945445570388,-0.034646721457411246,3.522357062477303,0.1465402762557163,-0.015860927013362943,-0.07781028929884132,0.1473772459898559,0.023616160993578026,0.14654027625571625,4.484051080787644,0.193617298596699,0.10317043043437427,-0.0677271531728856,-0.037902035922544826,-0.015860927013362943,0.193617298596699,4.767247949596141],"inverse_covariance_input":[],"mean":[1.3362178643236546,-0.8691915130527316,-0.9301936876013281,-0.11642659918173393,0.03332028260431789,-0.02810727503504635]}],"label":"","mixture_coeffs":[1],"parameters":{"absolute_regularization":0.2,"covariance_mode":0,"gaussians":1,"relative_regularization":0.2}},{"components":[{"bimodal":false,"covariance":[0.5426934908071878,0.04237447327305075,-0.08664249401572678,-0.016093582678227764,-0.004529503436136044,0.023277593093250115,0.04237447327305075,0.9763213526773824,-0.023472404557630607,-0.04370399310154718,-0.03420401033267929,0.043840209351523746,-0.08664249401572678,-0.023472404557630607,0.9822141228414252,0.011602450947877365,0.006835746870882304,-0.008672838010937784,-0.016093582678227764,-0.04370399310154718,0.011602450947877365,0.27913506301104785,0.008062902035052997,-0.007061022611179533,-0.004529503436136044,-0.03420401033267929,0.006835746870882304,0.008062902035052997,0.21546624541945594,-0.01649533374819177,0.023277593093250115,0.043840209351523746,-0.008672838010937784,-0.007061022611179533,-0.01649533374819177,0.22386034789741643],"covariance_determinant":0.006660784530678588,"covariance_determinant_input":0,"covariance_mode":0,"dimension":6,"dimension_input":0,"inverse_covariance":[1.8837475695000827,-0.06592435415274026,0.16198243825411393,0.08695116729147763,0.007467307413899419,-0.17339821436214617,-0.06592435415274026,1.0474792497610472,0.014818124813550947,0.1507920024002421,0.14482792648679232,-0.18227838817874148,0.16198243825411393,0.01481812481355095,1.0334325451448332,-0.030143319385634047,-0.024558415310773206,0.01753173440291454,0.08695116729147763,0.1507920024002421,-0.030143319385634054,3.6170487148999926,-0.10352309638796978,0.06672114961523086,0.007467307413899416,0.1448279264867923,-0.02455841531077321,-0.10352309638796978,4.69281794434314,0.3124381840088665,-0.17339821436214614,-0.18227838817874142,0.017531734402914542,0.06672114961523085,0.31243818400886647,4.546604018505988],"inverse_covariance_input":[],"mean":[0.6705622071277082,-0.37116423688024314,-0.30247746177354295,-0.2568034469443775,0.0012477120914309366,-0.11452409337454911]}],"label":"","mixture_coeffs":[1],"parameters":{"absolute_regularization":0.2,"covariance_mode":0,"gaussians":1,"relative_regularization":0.2}},{"components":[{"bimodal":false,"covariance":[0.7739021139877102,0.32769878499144056,-0.07306105333976487,-0.11687980059198744,0.068550921027645,-0.07320378783998857,0.32769878499144056,1.2059234335482991,-0.042163354987385514,-0.13502045328146628,0.04264325040282215,-0.03480266744050857,-0.07306105333976487,-0.042163354987385514,0.9944880364417388,0.04131032632173754,0.01253805589518406,0.006810389405437698,-0.11687980059198744,-0.13502045328146628,0.04131032632173754,0.30100591939245197,-0.01284652255461364,0.015053441178411354,0.068550921027645,0.04264325040282215,0.01253805589518406,-0.01284652255461364,0.2224520549353833,-0.021112985554083495,-0.07320378783998857,-0.03480266744050857,0.006810389405437698,0.015053441178411354,-0.021112985554083495,0.22803507956145475],"covariance_determinant":0.010675980035795871,"covariance_determinant_input":0,"covariance_mode":0,"dimension":6,"dimension_input":0,"inverse_covariance":[1.5821491409663968,-0.3572123559822381,0.0860801199049877,0.4072715624330033,-0.3633694254512096,0.39028414536526357,-0.3572123559822381,0.9610228587745507,0.003156858794515544,0.28913616407015225,-0.05690986733171583,0.007548534005786206,0.0860801199049877,0.0031568587945155456,1.0176816679820864,-0.10853724938125972,-0.09109589212009375,-0.0035476895260240357,0.4072715624330033,0.2891361640701522,-0.10853724938125972,3.6291123527147615,0.029189386007732625,-0.058756935669923724,-0.3633694254512095,-0.056909867331715824,-0.09109589212009374,0.029189386007732618,4.654133926603796,0.3063696461600864,0.3902841453652635,0.0075485340057862066,-0.0035476895260240344,-0.058756935669923724,0.30636964616008633,4.544081647533189],"inverse_covariance_input":[],"mean":[0.08193552897312856,-0.454794951787331,0.11855622412341896,-0.15404609289133572,-0.09540933000732238,-0.028228737717525876]}],"label":"","mixture_coeffs":[1],"parameters":{"absolute_regularization":0.2,"covariance_mode":0,"gaussians":1,"relative_regularization":0.2}},{"components":[{"bimodal":false,"covariance":[0.7928523448293321,0.3528230336276585,-0.06464195126494411,-0.1113926200370771,0.07735615274071694,-0.10015594121999699,0.3528230336276585,1.222610999611895,-0.12273647858903312,-0.13867948968429655,0.0459172434483988,-0.08827397340011438,-0.06464195126494411,-0.12273647858903312,1.0747886567241096,0.06600707440847321,0.03476239286537997,0.0060491139626434294,-0.1113926200370771,-0.13867948968429655,0.06600707440847321,0.2996429207461889,-0.012089287288759156,0.029302914917329167,0.07735615274071694,0.0459172434483988,0.03476239286537997,-0.012089287288759156,0.22914738863631623,-0.026045429298344795,-0.10015594121999699,-0.08827397340011438,0.0060491139626434294,0.029302914917329167,-0.026045429298344795,0.23365531655484442],"covariance_determinant":0.011759754124480819,"covariance_determinant_input":0,"covariance_mode":0,"dimension":6,"dimension_input":0,"inverse_covariance":[1.5696615957595041,-0.36229131889848487,0.04196825353042709,0.34693643692112364,-0.39450513884944627,0.4473891990603387,-0.36229131889848487,0.9760110082289536,0.07299204110383828,0.2822515659926868,-0.05006770955840956,0.17056909527308597,0.041968253530427074,0.07299204110383828,0.9574913073678823,-0.17098342715055267,-0.1805580896196136,0.022093626324284073,0.3469364369211236,0.2822515659926868,-0.17098342715055267,3.654664294328737,0.022792169666695356,-0.1960202526154463,-0.3945051388494463,-0.05006770955840956,-0.1805580896196136,0.022792169666695332,4.572577644931022,0.3234994999037692,0.4473891990603387,0.17056909527308597,0.02209362632428407,-0.19602025261544626,0.32349949990376914,4.596092719868715],"inverse_covariance_input":[],"mean":[-0.11604870407800116,-0.38328301535159065,0.40758595193001546,-0.07424002522057269,-0.14670432840247905,0.09019233019662017]}],"label":"","mixture_coeffs":[1],"parameters":{"absolute_regularization":0.2,"covariance_mode":0,"gaussians":1,"relative_regularization":0.2}},{"components":[{"bimodal":false,"covariance":[0.5880491519587375,0.19880119218834277,-0.09163660614222288,-0.058555592611338074,0.022525803789641245,-0.04711669188630975,0.19880119218834277,1.3538762047545991,-0.08725708124099138,-0.16467612592869835,0.011433617618760375,-0.09132526226122305,-0.09163660614222288,-0.08725708124099138,1.0694570158225325,0.053788483109184264,0.03557242233454745,-0.007661576371773135,-0.058555592611338074,-0.16467612592869835,0.053788483109184264,0.30426595425349995,0.00512230026151442,0.019534675419011483,0.022525803789641245,0.011433617618760375,0.03557242233454745,0.00512230026151442,0.22801974312316914,-0.025473579388752814,-0.04711669188630975,-0.09132526226122305,-0.007661576371773135,0.019534675419011483,-0.025473579388752814,0.23635556316444642],"covariance_determinant":0.011363957543284708,"covariance_determinant_input":0,"covariance_mode":0,"dimension":6,"dimension_input":0,"inverse_covariance":[1.8424726368138784,-0.21910696330964965,0.13744159549638044,0.19832691921621357,-0.1687164250110835,0.25251011607788604,-0.21910696330964965,0.8369871308239888,0.03191905167463176,0.3893799180099693,-0.006356859866780577,0.24789212122429616,0.13744159549638044,0.03191905167463176,0.9614841350637433,-0.12779279236837782,-0.15507124404085545,0.06474763729970102,0.19832691921621357,0.3893799180099693,-0.12779279236837782,3.567780508814392,-0.11286781654123487,-0.12119428825392307,-0.1687164250110835,-0.006356859866780588,-0.15507124404085545,-0.11286781654123486,4.479684824610928,0.45101731418249585,0.25251011607788604,0.24789212122429613,0.06474763729970102,-0.12119428825392303,0.4510173141824958,4.437758205002419],"inverse_covariance_input":[],"mean":[0.21296999835054078,-0.25809259190628053,0.5009399719042172,-0.05216857853006579,-0.017816475503126716,-0.021022579419566867]}],"label":"","mixture_coeffs":[1],"parameters":{"absolute_regularization":0.2,"covariance_mode":0,"gaussians":1,"relative_regularization":0.2}},{"components":[{"bimodal":false,"covariance":[0.6014514883912772,0.06696573539966912,-0.02546731633369893,-0.058718804713017346,-0.030418025288838097,0.029912285910260614,0.06696573539966912,1.437704049140284,0.1584352022816588,-0.1711715062835009,0.0018742471077768555,-0.08710294416393796,-0.02546731633369893,0.1584352022816588,1.0957580371386362,-0.013836641294394679,0.04014256313331076,-0.04133529192477002,-0.058718804713017346,-0.1711715062835009,-0.013836641294394679,0.3142363516920078,0.018545886944109167,0.002278689900419266,-0.030418025288838097,0.0018742471077768555,0.04014256313331076,0.018545886944109167,0.23922210604646854,-0.03386809594537042,0.029912285910260614,-0.08710294416393796,-0.04133529192477002,0.002278689900419266,-0.03386809594537042,0.2432072608230924],"covariance_determinant":0.014586070954328284,"covariance_determinant_input":0,"covariance_mode":0,"dimension":6,"dimension_input":0,"inverse_covariance":[1.7171896082549536,-0.06373957593521853,0.03892329244208399,0.27986050039397464,0.16123035121803353,-0.2075810389573066,-0.06373957593521853,0.7733871188543382,-0.09852563749018695,0.4025904274634971,0.008749618401793006,0.26552356791495724,0.038923292442083986,-0.09852563749018695,0.9365951409277384,0.002233294527111353,-0.13746705143209614,0.09994536946500475,0.2798605003939746,0.4025904274634971,0.002233294527111342,3.4672725656675656,-0.23029247137916686,0.04558848930607894,0.16123035121803359,0.008749618401792999,-0.13746705143209614,-0.23029247137916686,4.32140113593435,0.5638791433030635,-0.2075810389573066,0.26552356791495724,0.09994536946500476,0.04558848930607895,0.5638791433030635,4.327428409231952],"inverse_covariance_input":[],"mean":[0.13122256996424975,-0.3877007764302575,0.19168246095462838,-0.00010918747405620726,0.04015095987405342,-0.09083873329717182]}],"label":"","mixture_coeffs":[1],"parameters":{"absolute_regularization":0.2,"covariance_mode":0,"gaussians":1,"relative_regularization":0.2}},{"components":[{"bimodal":false,"covariance":[0.5891691441108293,-0.033636402056273065,0.12862187231633712,-0.05143764637996366,0.024099699308227245,0.02827343277594028,-0.033636402056273065,1.2437633419195542,0.2833748209671862,-0.05807460160053293,0.0025079906426348215,-0.06206732569067931,0.12862187231633712,0.2833748209671862,1.3480940295675192,-0.06197878780145544,0.0810033918650162,-0.039773208373937774,-0.05143764637996366,-0.05807460160053293,-0.06197878780145544,0.2967101294266154,0.0010682573851599328,-0.007983605109494061,0.024099699308227245,0.0025079906426348215,0.0810033918650162,0.0010682573851599328,0.2298283393323694,-0.011071847713383333,0.02827343277594028,-0.06206732569067931,-0.039773208373937774,-0.007983605109494061,-0.011071847713383333,0.22070164440480003],"covariance_determinant":0.012717115479230285,"covariance_determinant_input":0,"covariance_mode":0,"dimension":6,"dimension_input":0,"inverse_covariance":[1.7821008517066899,0.08994267849700487,-0.17433522099713156,0.2844146159137912,-0.13886218178299128,-0.2311006121822116,0.08994267849700487,0.8649357197152012,-0.18050731849000565,0.15256593671559138,0.05403345008016876,0.20742110915231016,-0.17433522099713153,-0.18050731849000562,0.8205331890648718,0.1097603840203023,-0.26415115046416454,0.1101592534504064,0.28441461591379114,0.15256593671559143,0.1097603840203023,3.4766563210470363,-0.07920164564116633,0.14804079725971742,-0.13886218178299128,0.05403345008016875,-0.26415115046416454,-0.07920164564116633,4.468470467322765,0.2066844293009145,-0.23110061218221153,0.20742110915231016,0.1101592534504064,0.14804079725971742,0.2066844293009145,4.654517861266615],"inverse_covariance_input":[],"mean":[0.05287669534754341,-0.6912589789188327,-0.44628159897633857,-0.05218031844049083,-0.10818691994832495,0.016602321655559454]}],"label":"","mixture_coeffs":[1],"parameters":{"absolute_regularization":0.2,"covariance_mode":0,"gaussians":1,"relative_regularization":0.2}},{"components":[{"bimodal":false,"covariance":[0.494230450193458,0.03502446375711212,0.02227952318114373,-0.006134794593866532,-0.002404158176692582,-0.00972003578450691,0.03502446375711212,0.8929708870464688,0.05938143511213518,-0.006454137653268965,-0.006517921655649959,-0.0020420623898765437,0.02227952318114373,0.05938143511213518,0.9973681608289764,0.0023864816081833277,0.01013917562960738,-0.0022747337962833675,-0.006134794593866532,-0.006454137653268965,0.0023864816081833277,0.26403451778666476,-0.0021499168021513323,0.0019406510422889391,-0.002404158176692582,-0.006517921655649959,0.01013917562960738,-0.0021499168021513323,0.21164914409061641,-0.0010052645183202442,-0.00972003578450691,-0.0020420623898765437,-0.0022747337962833675,0.0019406510422889391,-0.0010052645183202442,0.2086657559998903],"covariance_determinant":0.005081845508222154,"covariance_determinant_input":0,"covariance_mode":0,"dimension":6,"dimension_input":0,"inverse_covariance":[2.0331133025221946,-0.07630398420094138,-0.04100906087515894,0.045251687134960535,0.02361154822394624,0.09320527887321522,-0.07630398420094138,1.1277103951700989,-0.06586513655838068,0.02664316534136598,0.03731983380930369,0.006695698999883542,-0.04100906087515894,-0.06586513655838068,1.008041480464975,-0.012149293305196797,-0.05086899796734598,0.008302064217385616,0.04525168713496053,0.02664316534136598,-0.012149293305196797,3.789765079559688,0.040256837515577626,-0.032815754230595635,0.02361154822394624,0.0373198338093037,-0.05086899796734598,0.04025683751557764,4.729174684893355,0.023319342018935322,0.09320527887321522,0.006695698999883542,0.008302064217385616,-0.03281575423059564,0.023319342018935322,4.7972684253108016],"inverse_covariance_input":[],"mean":[-0.0059341912651596305,-0.08753301529663,0.19123762764847993,-0.00784274237358641,-0.007681301224890167,-0.004977968527675674]}],"label":"","mixture_coeffs":[1],"parameters":{"absolute_regularization":0.2,"covariance_mode":0,"gaussians":1,"relative_regularization":0.2}}],"transition":[0.9463733434677124,0.05362672358751297,0.6166859269142151,0.3833141326904297,0.69198077917099,0.30801922082901,0.6815237998962402,0.31847622990608215,0.6991439461708069,0.3008560538291931,0.50111323595047,0.4988867938518524,0.5030511021614075,0.4969489872455597,0.4529421031475067,0.5470579862594604,0.7394748330116272,0.2605251371860504,0.6468862295150757,0.35311374068260193,0.7240419387817383,0.27595803141593933,0.8095482587814331,0.19045