{"configuration":{"default_parameters":{"absolute_regularization":0.2,"covariance_mode":0,"gaussians":1,"hierarchical":true,"regression_estimator":0,"relative_regularization":0.2,"states":20,"transition_mode":1},"multiClass_regression_estimator":0,"multithreading":0},"exit_transition":[0.1,0.1,0.1],"models":[{"exitProbabilities":[0,0,0,0,0,0,0,0,0,0,0,0,0,0,0,0,0,0,0,0.10000000149011612],"label":"Block","parameters":{"absolute_regularization":0.2,"covariance_mode":0,"gaussians":1,"hierarchical":true,"regression_estimator":0,"relative_regularization":0.2,"states":20,"transition_mode":1},"states":[{"components":[{"bimodal":false,"covariance":[0.464753086525437,0.08825895001342818,-0.004466911515286281,-0.0005067485271194132,0.003123781012548185,0.0019220467735430642,0.08825895001342818,0.7265878484623451,0.01769366821746502,-0.019148553048742127,0.018253794614155154,-0.013026908719199365,-0.004466911515286281,0.01769366821746502,1.565381465516941,0.004995823610092328,-0.002098677187548859,0.01501558555667088,-0.0005067485271194132,-0.019148553048742127,0.004995823610092328,0.22535611119217713,-0.012324007504738143,0.016696915604686686,0.003123781012548185,0.018253794614155154,-0.002098677187548859,-0.012324007504738143,0.21577093073230047,-0.008142579337283028,0.0019220467735430642,-0.013026908719199365,0.01501558555667088,0.016696915604686686,-0.008142579337283028,0.2226580997565606],"covariance_determinant":0.00550266735985223,"covariance_determinant_input":0,"covariance_mode":0,"dimension":6,"dimension_input":0,"inverse_covariance":[2.2029822111825483,-0.2685946908244647,0.00969042694066701,-0.016139108373806946,-0.011303457176349205,-0.0345878581584412,-0.2685946908244647,1.4162493464473709,-0.017978041622940633,0.1087713232352421,-0.10708108543936326,0.07431794091895537,0.00969042694066701,-0.01797804162294063,0.6395127406934982,-0.012196959216067702,0.005275579802587325,-0.04315528434950425,-0.01613910837380694,0.1087713232352421,-0.012196959216067702,4.483474972627953,0.23490503095034096,-0.3202953396061335,-0.011303457176349199,-0.10708108543936326,0.005275579802587326,0.234905030950341,4.662759161800512,0.1463781074763574,-0.0345878581584412,0.07431794091895537,-0.04315528434950425,-0.3202953396061336,0.14637810747635743,4.528119368160278],"inverse_covariance_input":[],"mean":[-0.13549985951576646,-0.1860436589839021,-0.6671016133812745,-0.0046534579215753435,-0.02209893655943166,-0.17765102328216595]}],"label":"","mixture_coeffs":[1],"parameters":{"absolute_regularization":0.2,"covariance_mode":0,"gaussians":1,"relative_regularization":0.2}},{"components":[{"bimodal":false,"covariance":[0.7140788406128615,0.1680505141578528,-0.02946414191267122,0.08452791643395557,-0.03676625917257343,0.04135651179125474,0.1680505141578528,0.7960122539345091,0.0775037087689829,0.002364636838329786,-0.04826041995746666,0.0001563027096818151,-0.02946414191267122,0.0775037087689829,2.1959787906909343,0.08632386065756482,0.000524926988809587,-0.07336685345608542,0.08452791643395557,0.002364636838329786,0.08632386065756482,0.267037789797943,-0.015474381086936558,0.020122929223721595,-0.03676625917257343,-0.04826041995746666,0.000524926988809587,-0.015474381086936558,0.23498799324413755,-0.009021927708643752,0.04135651179125474,0.0001563027096818151,-0.07336685345608542,0.020122929223721595,-0.009021927708643752,0.2272857355461202],"covariance_determinant":0.01519759863362999,"covariance_determinant_input":0,"covariance_mode":0,"dimension":6,"dimension_input":0,"inverse_covariance":[1.5546600338325254,-0.3227004964608108,0.04366262311364424,-0.4788023460676659,0.13686551610881809,-0.22074324705122383,-0.3227004964608108,1.3436424335412849,-0.05518084979941811,0.11877594310727282,0.23489356459577046,0.03878984949979137,0.04366262311364424,-0.05518084979941812,0.4702290503821809,-0.17798380636276534,-0.011160186314590648,0.15919602704593153,-0.4788023460676659,0.11877594310727281,-0.17798380636276534,3.988223847821856,0.2003940099400793,-0.31555824541614347,0.13686551610881806,0.23489356459577052,-0.01116018631459065,0.20039400994007933,4.343250068060572,0.12599202937934906,-0.22074324705122386,0.03878984949979139,0.15919602704593153,-0.31555824541614347,0.12599202937934906,4.52421470303286],"inverse_covariance_input":[],"mean":[-0.13718766238253055,-0.9907133610342752,0.03035908233332971,0.34178555590491405,-0.11781434730780352,0.017859447353736194]}],"label":"","mixture_coeffs":[1],"parameters":{"absolute_regularization":0.2,"covariance_mode":0,"gaussians":1,"relative_regularization":0.2}},{"components":[{"bimodal":false,"covariance":[0.5520867033928478,0.06747710281234737,-0.48587616191905786,-0.04875835647895279,-0.046528600021986465,0.004312221194713299,0.06747710281234737,1.037758967884284,-0.2181742457724178,-0.14383199574152228,0.0730360490553611,-0.08948045375679581,-0.48587616191905786,-0.2181742457724178,3.483902940894514,0.13849925862987572,0.143866972327468,-0.11179746395689713,-0.04875835647895279,-0.14383199574152228,0.13849925862987572,0.39700832559602983,-0.10128143423410838,0.06012796733251782,-0.046528600021986465,0.0730360490553611,0.143866972327468,-0.10128143423410838,0.2977225743711481,-0.04326769602491727,0.004312221194713299,-0.08948045375679581,-0.11179746395689713,0.06012796733251782,-0.04326769602491727,0.24865084366911555],"covariance_determinant":0.037638393878506086,"covariance_determinant_input":0,"covariance_mode":0,"dimension":6,"dimension_input":0,"inverse_covariance":[2.0996906637909105,-0.06649102361779542,0.2704694744471684,0.2045403881437019,0.2924502659006843,0.06269383596296857,-0.06649102361779542,1.056645580886099,0.06347638067549219,0.2623102056184151,-0.16485284514982151,0.3178246451387658,0.2704694744471684,0.06347638067549219,0.34630227087832444,-0.13232443041486613,-0.15978352659259298,0.17804975084643024,0.2045403881437019,0.2623102056184151,-0.13232443041486608,3.015169328002453,0.9806763494804394,-0.52711793632797,0.2924502659006843,-0.16485284514982151,-0.15978352659259296,0.9806763494804394,3.9001691769027214,0.30528610757660596,0.06269383596296857,0.31782464513876574,0.17804975084643027,-0.5271179363279702,0.3052861075766059,4.395632827171477],"inverse_covariance_input":[],"mean":[0.24405186818923952,1.1358869322503884,2.249563527513279,0.2969755984950046,-0.2187996821343464,-0.4006541733181262]}],"label":"","mixture_coeffs":[1],"parameters":{"absolute_regularization":0.2,"covariance_mode":0,"gaussians":1,"relative_regularization":0.2}},{"components":[{"bimodal":false,"covariance":[0.66582652037135,-0.23942380254640985,-0.13778147200555602,0.04244998563582116,-0.026162321891401726,0.09194877141830657,-0.23942380254640985,1.2528885650876287,0.569114675568814,-0.1048451085779292,0.03234335291807882,-0.20019056751939632,-0.13778147200555602,0.569114675568814,2.693614456059374,0.29562799648634713,-0.004694385594992232,-0.02030080889063275,0.04244998563582116,-0.1048451085779292,0.29562799648634713,0.49754481598434147,-0.051782549812204794,0.13748733586124812,-0.026162321891401726,0.03234335291807882,-0.004694385594992232,-0.051782549812204794,0.23630159411756305,-0.035503444039567296,0.09194877141830657,-0.20019056751939632,-0.02030080889063275,0.13748733586124812,-0.035503444039567296,0.34660293494184496],"covariance_determinant":0.05342813779043249,"covariance_determinant_input":0,"covariance_mode":0,"dimension":6,"dimension_input":0,"inverse_covariance":[1.6415445521092298,0.2521920811329898,0.031047527193985243,-0.02018960872584892,0.10293578697662842,-0.2694462139512277,0.2521920811329898,1.0360773907444103,-0.22582493335892592,0.21028543829696528,-0.007065100283319588,0.43414900673450924,0.031047527193985246,-0.2258249333589259,0.45669582771909895,-0.328681373188628,-0.026237206943049773,0.015771667683193023,-0.020189608725848934,0.21028543829696522,-0.328681373188628,2.527963163376865,0.38789221902921767,-0.8554755534243865,0.10293578697662842,-0.007065100283319602,-0.026237206943049776,0.38789221902921767,4.367881872388576,0.26062318179896066,-0.26944621395122775,0.43414900673450924,0.015771667683193,-0.8554755534243865,0.2606231817989607,3.5743437587648863],"inverse_covariance_input":[],"mean":[-0.26514151501915,2.8243671972333653,5.852632753137428,0.23335781724684124,-0.0023793428851006915,-0.8832000902855124]}],"label":"","mixture_coeffs":[1],"parameters":{"absolute_regularization":0.2,"covariance_mode":0,"gaussians":1,"relative_regularization":0.2}},{"components":[{"bimodal":false,"covariance":[0.8999515251361181,0.263462807006565,-0.3417502620934107,-0.041027529950113606,-0.04050646109349321,-0.03198672278406618,0.263462807006565,1.516665784435268,1.4612964424368118,0.13507104246415813,0.06152311439622897,-0.2140673505171691,-0.3417502620934107,1.4612964424368118,6.382240629617134,0.4128884841313093,0.2917858280265228,-0.311295712871342,-0.041027529950113606,0.13507104246415813,0.4128884841313093,0.3295432532904833,-0.07696401667331347,0.005764442336877335,-0.04050646109349321,0.06152311439622897,0.2917858280265228,-0.07696401667331347,0.4277347171322884,-0.0519602639501252,-0.03198672278406618,-0.2140673505171691,-0.311295712871342,0.005764442336877335,-0.0519602639501252,0.3173461107364833],"covariance_determinant":0.1896919585501564,"covariance_determinant_input":0,"covariance_mode":0,"dimension":6,"dimension_input":0,"inverse_covariance":[1.287418854984963,-0.37353308378304645,0.14021053025272054,0.16360607635703173,0.11319008718550524,0.03089465443061273,-0.37353308378304645,1.0131782848193862,-0.2170410346862249,-0.20130359671927123,-0.01656592101326737,0.43383541472666337,0.14021053025272054,-0.21704103468622493,0.23969698141462334,-0.23048935466057324,-0.15047993896752943,0.08240146382117498,0.16360607635703173,-0.20130359671927128,-0.2304893546605732,3.62248031390949,0.8198427496880795,-0.2769593941706366,0.11319008718550527,-0.0165659210132674,-0.1504799389675294,0.8198427496880795,2.6338444697268932,0.26898049780219596,0.030894654430612734,0.4338354147266635,0.08240146382117493,-0.27695939417063653,0.2689804978021961,3.5767958537321634],"inverse_covariance_input":[],"mean":[-1.0275632048104093,4.722147700004865,10.985251466509034,0.6008636009744713,0.12424910770979661,-1.438735260259502]}],"label":"","mixture_coeffs":[1],"parameters":{"absolute_regularization":0.2,"covariance_mode":0,"gaussians":1,"relative_regularization":0.2}},{"components":[{"bimodal":false,"covariance":[1.916089466351861,0.4986564090390551,-0.7006406605689085,-0.08702356676439471,-0.3609007656586912,0.09126562019870708,0.4986564090390551,2.517067984335902,0.3361407127431882,-0.3625773710085649,-0.6398659991600749,0.09451988238735151,-0.7006406605689085,0.3361407127431882,2.5373518502740353,-0.09115058627283483,0.34091855421577993,0.032471587730434154,-0.08702356676439471,-0.3625773710085649,-0.09115058627283483,0.32839661590495195,0.06083912992233642,-0.01810317705677807,-0.3609007656586912,-0.6398659991600749,0.34091855421577993,0.06083912992233642,0.72457494223704,-0.004979727670217927,0.09126562019870708,0.09451988238735151,0.032471587730434154,-0.01810317705677807,-0.004979727670217927,0.2679728641119674],"covariance_determinant":0.3395198631662873,"covariance_determinant_input":0,"covariance_mode":0,"dimension":6,"dimension_input":0,"inverse_covariance":[0.6535073652201213,-0.09708924450665976,0.17881685855607793,0.07710154688751625,0.14776709077159142,-0.20203812682217925,-0.09708924450665976,0.6710219190236512,-0.17172700564636734,0.5530283674211355,0.5776529432587326,-0.13471375000170835,0.1788168585560779,-0.17172700564636734,0.5102833608019949,0.05285347953752092,-0.30755685429386675,-0.0643074796987596,0.07710154688751626,0.5530283674211355,0.05285347953752094,3.655906659859171,0.19509790914871608,0.02287517769847026,0.1477670907715914,0.5776529432587325,-0.3075568542938667,0.19509790914871605,2.0910348688465525,-0.16477119063253362,-0.20203812682217925,-0.13471375000170835,-0.0643074796987596,0.02287517769847024,-0.16477119063253365,3.8543231975397605],"inverse_covariance_input":[],"mean":[-2.248088309382263,3.57733791424172,13.702884474496525,1.0779353118916,1.3319225309209457,-2.2478542225336033]}],"label":"","mixture_coeffs":[1],"parameters":{"absolute_regularization":0.2,"covariance_mode":0,"gaussians":1,"relative_regularization":0.2}},{"components":[{"bimodal":false,"covariance":[11.85970853972283,-8.35429269334551,-11.260166024648257,1.114964202541695,-0.19898095782935227,0.9392003265132445,-8.35429269334551,8.716506462802444,8.320362300584152,-1.0111757267648156,-0.0432165896468462,-0.5236236809643624,-11.260166024648257,8.320362300584152,14.571382197347997,-1.0188858326784003,1.004745775086171,-1.1923904541698207,1.114964202541695,-1.0111757267648156,-1.0188858326784003,0.5176865100435686,0.17282679230467018,0.173717398829221,-0.19898095782935227,-0.0432165896468462,1.004745775086171,0.17282679230467018,0.9511721925965211,0.14627467033314076,0.9392003265132445,-0.5236236809643624,-1.1923904541698207,0.173717398829221,0.14627467033314076,0.5207603982682097],"covariance_determinant":11.378597787349563,"covariance_determinant_input":0,"covariance_mode":0,"dimension":6,"dimension_input":0,"inverse_covariance":[0.4724037014491298,0.1973264882430608,0.2579874043777233,-0.07519992373480154,-0.1518127261885408,0.004867346637647607,0.1973264882430606,0.4108063208654241,-0.10403925770407386,0.21498912433002537,0.17730904302833206,-0.3025571372805405,0.2579874043777234,-0.10403925770407371,0.39640079774015663,0.01579786593454076,-0.4426033585891225,0.4567984637826495,-0.07519992373480186,0.21498912433002534,0.01579786593454048,2.8466847831597533,-0.4739935310831649,-0.4285022727323193,-0.15181272618854097,0.17730904302833195,-0.4426033585891224,-0.47399353108316505,1.717487589503174,-0.8856553862183575,0.004867346637647988,-0.3025571372805404,0.4567984637826496,-0.4285022727323191,-0.8856553862183577,3.044916409446929],"inverse_covariance_input":[],"mean":[0.27855432268319713,-2.1730229584816465,1.2979514765953555,1.4613810223133064,1.5201332125766105,-2.224027037254125]}],"label":"","mixture_coeffs":[1],"parameters":{"absolute_regularization":0.2,"covariance_mode":0,"gaussians":1,"relative_regularization":0.2}},{"components":[{"bimodal":false,"covariance":[4.763491206785409,0.5139611979766703,-1.3545044319873945,0.5010174976951682,0.9710344355748467,0.38246050056026143,0.5139611979766703,1.5282315184373747,1.997720073370645,0.2553386184079606,-0.08027278115568828,0.1707226618505877,-1.3545044319873945,1.997720073370645,16.935150451122098,-0.1285503549686828,-2.0659072960115714,0.3556346624300199,0.5010174976951682,0.2553386184079606,-0.1285503549686828,0.6441294121012469,0.2009816721517424,-0.010227240485980758,0.9710344355748467,-0.08027278115568828,-2.0659072960115714,0.2009816721517424,0.9255967203500381,-0.12763260970264892,0.38246050056026143,0.1707226618505877,0.3556346624300199,-0.010227240485980758,-0.12763260970264892,0.4406574267205782],"covariance_determinant":9.3420149100192,"covariance_determinant_input":0,"covariance_mode":0,"dimension":6,"dimension_input":0,"inverse_covariance":[0.34146836140171194,-0.06245740579882602,-0.007937745934896389,-0.12113782563561515,-0.40840747501134733,-0.386870470020497,-0.06245740579882603,0.9055436174671287,-0.12010813507320804,-0.31037198309757547,-0.08869921232899527,-0.23258400898978235,-0.007937745934896382,-0.12010813507320804,0.09905232893361596,0.0044892385950524565,0.22329431420324547,0.038261381299491755,-0.12113782563561516,-0.31037198309757547,0.004489238595052471,1.8569794524359657,-0.2671811575404428,0.18747484490947708,-0.40840747501134733,-0.08869921232899526,0.22329431420324547,-0.2671811575404429,2.172219319259004,0.8315870045427551,-0.386870470020497,-0.2325840089897823,0.038261381299491755,0.18747484490947697,0.831587004542755,2.909557069677266],"inverse_covariance_input":[],"mean":[5.455972553460397,-9.117792260949578,-7.5903899758756666,1.0907881564711606,0.9706603344768087,-2.213901986867653]}],"label":"","mixture_coeffs":[1],"parameters":{"absolute_regularization":0.2,"covariance_mode":0,"gaussians":1,"relative_regularization":0.2}},{"components":[{"bimodal":false,"covariance":[5.7319135043116685,2.208153359897055,1.1419734567131141,0.9175495115774722,-0.16951480090912302,-0.11286643335642911,2.208153359897055,2.406739735362393,-0.8316435445990191,0.28148085281999086,-0.15530377014240918,-0.135363689457261,1.1419734567131141,-0.8316435445990191,5.004658494273984,0.0877119127097651,-0.17628007807649307,-0.06818084082881558,0.9175495115774722,0.28148085281999086,0.0877119127097651,0.45919136245959413,0.01697954968378424,0.07285591815491417,-0.16951480090912302,-0.15530377014240918,-0.17628007807649307,0.01697954968378424,0.3597870687996768,0.025776981776789137,-0.11286643335642911,-0.135363689457261,-0.06818084082881558,0.07285591815491417,0.025776981776789137,0.31324299445165105],"covariance_determinant":0.9421000121860796,"covariance_determinant_input":0,"covariance_mode":0,"dimension":6,"dimension_input":0,"inverse_covariance":[0.47562873392953803,-0.40536295154120777,-0.1623700734661018,-0.689989735536943,-0.0066069511308086675,0.12188846873319413,-0.4053629515412078,0.8848484077999212,0.24976309363949573,0.17323870691541624,0.2889227010972173,0.22661165060729335,-0.16237007346610183,0.24976309363949578,0.2832814190067484,0.09944805629796695,0.16005457511953128,0.07478534303048646,-0.689989735536943,0.17323870691541604,0.09944805629796687,3.595317576300829,-0.30223446883084454,-0.963454806366459,-0.0066069511308087,0.28892270109721735,0.16005457511953125,-0.3022344688308445,2.995058087955871,-0.01885881837561929,0.12188846873319413,0.22661165060729338,0.07478534303048645,-0.963454806366459,-0.018858818375619268,3.576171091392063],"inverse_covariance_input":[],"mean":[-0.4053804140817889,-6.608581923893927,-16.678370789872364,0.20202287062305502,0.6471686298137718,-1.5121109598484312]}],"label":"","mixture_coeffs":[1],"parameters":{"absolute_regularization":0.2,"covariance_mode":0,"gaussians":1,"relative_regularization":0.2}},{"components":[{"bimodal":false,"covariance":[2.1828215287077324,-0.6815797127472846,2.0064165279300155,0.2729532246994771,0.2068189203385806,-0.34049999648416496,-0.6815797127472846,4.424314400309333,0.09740308559290482,-0.25951597602202947,0.012898789719353898,0.46655649629791185,2.0064165279300155,0.09740308559290482,5.3313924851610155,0.5408069161008441,0.41893857746491964,-0.028209324579590966,0.2729532246994771,-0.25951597602202947,0.5408069161008441,0.4720488259375057,0.0980955606115731,0.002453407636081821,0.2068189203385806,0.012898789719353898,0.41893857746491964,0.0980955606115731,0.3383661194736003,0.010829345041964412,-0.34049999648416496,0.46655649629791185,-0.028209324579590966,0.002453407636081821,0.010829345041964412,0.39882635724804305],"covariance_determinant":1.0819841818258775,"covariance_determinant_input":0,"covariance_mode":0,"dimension":6,"dimension_input":0,"inverse_covariance":[0.9001991159605837,0.07011109771737069,-0.31477992465972554,-0.09201189886037395,-0.15790376746186302,0.6691208112951248,0.07011109771737067,0.27640193255534024,-0.04773986762857081,0.1750810977269543,-0.03649686392373472,-0.26694651532659264,-0.3147799246597256,-0.047739867628570826,0.3387136565168047,-0.19766834341144546,-0.1619733605201299,-0.18332616846558739,-0.09201189886037392,0.17508109772695427,-0.19766834341144546,2.588704541919093,-0.4465482561463332,-0.3011503261622498,-0.1579037674618631,-0.03649686392373473,-0.1619733605201299,-0.4465482561463333,3.3894589998678186,-0.1928598677681052,0.6691208112951248,-0.2669465153265926,-0.18332616846558736,-0.30115032616224985,-0.19285986776810518,3.3850248947212798],"inverse_covariance_input":[],"mean":[-5.227415975174756,-2.9777243174949333,-13.62740457291405,-0.08236674802549838,-0.03928053787189432,-0.5238977609319161]}],"label":"","mixture_coeffs":[1],"parameters":{"absolute_regularization":0.2,"covariance_mode":0,"gaussians":1,"relative_regularization":0.2}},{"components":[{"bimodal":false,"covariance":[0.8682170843791801,-0.10046644289406785,-0.036572374497824724,0.18139340934227707,0.027552576613761006,0.0706794126843461,-0.10046644289406785,1.081543959580791,-0.2316088100071844,0.018219156053742348,0.081659305084268,0.08163237558065048,-0.036572374497824724,-0.2316088100071844,4.312278089623717,0.1722329587855376,0.3046758568844403,0.3558154850905495,0.18139340934227707,0.018219156053742348,0.1722329587855376,0.31732169619948153,0.035659298086842636,0.07402064648519646,0.027552576613761006,0.081659305084268,0.3046758568844403,0.035659298086842636,0.2604278557535287,0.06431057801010341,0.0706794126843461,0.08163237558065048,0.3558154850905495,0.07402064648519646,0.06431057801010341,0.2847276804924317],"covariance_determinant":0.05569639164090548,"covariance_determinant_input":0,"covariance_mode":0,"dimension":6,"dimension_input":0,"inverse_covariance":[1.3610603232509886,0.1871479517915147,0.08322566908384672,-0.7564844438155733,-0.1299067644072658,-0.2695186191795574,0.18714795179151472,1.025651200501395,0.11818801255904046,-0.09995504345268649,-0.37262423111461856,-0.37806144996796853,0.08322566908384672,0.11818801255904043,0.29046711065174313,-0.10351161858641814,-0.29129564020583554,-0.32482833225398605,-0.7564844438155732,-0.09995504345268648,-0.10351161858641811,3.8039415218818657,-0.13722587441445144,-0.6121170039272037,-0.12990676440726584,-0.3726242311146186,-0.29129564020583565,-0.13722587441445144,4.44486637255633,-0.4651705900445645,-0.2695186191795574,-0.3780614499679685,-0.32482833225398605,-0.6121170039272037,-0.4651705900445645,4.357550015257063],"inverse_covariance_input":[],"mean":[-4.221028903649978,2.540297079800009,-3.189440183321319,-0.36733776492916353,-0.4694185570713168,-0.03723458404602181]}],"label":"","mixture_coeffs":[1],"parameters":{"absolute_regularization":0.2,"covariance_mode":0,"gaussians":1,"relative_regularization":0.2}},{"components":[{"bimodal":false,"covariance":[1.089554511093049,0.3521322579402931,-0.3923393907417074,-0.03136994305000341,0.042556263641093835,0.011083802169165442,0.3521322579402931,1.2693210359829021,-0.01613168066727446,-0.19393653007231604,0.14213658636715631,-0.021346327947812334,-0.3923393907417074,-0.01613168066727446,2.580525955459892,-0.02202237312432477,0.12600343500654598,0.14325048005432825,-0.03136994305000341,-0.19393653007231604,-0.02202237312432477,0.26600582933243355,-0.04173551425180043,0.017698460682722683,0.042556263641093835,0.14213658636715631,0.12600343500654598,-0.04173551425180043,0.2497261284854789,0.007763134007579528,0.011083802169165442,-0.021346327947812334,0.14325048005432825,0.017698460682722683,0.007763134007579528,0.2289233816147498],"covariance_determinant":0.03542582255181066,"covariance_determinant_input":0,"covariance_mode":0,"dimension":6,"dimension_input":0,"inverse_covariance":[1.082957396931099,-0.3014599078496505,0.17754292840446462,-0.08267014340229638,-0.11072312504817566,-0.18149637792473006,-0.3014599078496505,1.0157251585537566,-0.01863535987622109,0.63271160600184,-0.4142796900044798,0.0861027637146077,0.17754292840446462,-0.018635359876221103,0.44140230597028496,0.02662051610908752,-0.22918650256004033,-0.28083053639073857,-0.0826701434022964,0.63271160600184,0.02662051610908753,4.290429498591119,0.36683190320178566,-0.29779743464298825,-0.11072312504817568,-0.4142796900044798,-0.22918650256004033,0.36683190320178577,4.438133663770513,-0.06871830512939424,-0.18149637792473006,0.0861027637146077,-0.28083053639073857,-0.29779743464298825,-0.06871830512939422,4.586175405609959],"inverse_covariance_input":[],"mean":[-3.019333906745562,1.2609506170224982,-0.35123881207343327,-0.12207685251720543,-0.27759137852675886,0.24156229352735856]}],"label":"","mixture_coeffs":[1],"parameters":{"absolute_regularization":0.2,"covariance_mode":0,"gaussians":1,"relative_regularization":0.2}},{"components":[{"bimodal":false,"covariance":[0.5024253918724109,-0.0033616080268291785,0.007394465005088046,-0.03993066406226008,0.010966144711130464,-0.019005179899015276,-0.0033616080268291785,0.8545282552356259,0.37002949087999965,0.0035065234250010366,-0.05555672856106478,0.03316892339468575,0.007394465005088046,0.37002949087999965,3.01603088426205,0.05262930959382879,-0.009936025873455845,0.0018664194243243836,-0.03993066406226008,0.0035065234250010366,0.05262930959382879,0.22600871500675776,-0.011916870889823634,0.015120378430937017,0.010966144711130464,-0.05555672856106478,-0.009936025873455845,-0.011916870889823634,0.2234368576768215,-0.020318035885363156,-0.019005179899015276,0.03316892339468575,0.0018664194243243836,0.015120378430937017,-0.020318035885363156,0.22449514650688868],"covariance_determinant":0.013121285037111692,"covariance_determinant_input":0,"covariance_mode":0,"dimension":6,"dimension_input":0,"inverse_covariance":[2.024979571743377,0.001607928325589954,-0.011535302453480204,0.34735772864880954,-0.06808367296511054,0.14173041685047422,0.0016079283255899567,1.262410041629748,-0.15456632825602448,0.04301605969171638,0.2945644139137995,-0.1613361657535285,-0.011535302453480204,-0.15456632825602448,0.35193068564169927,-0.08439091930591104,-0.024681566311647432,0.02238471387694494,0.3473577286488096,0.04301605969171639,-0.08439091930591104,4.533499722895904,0.20779022516593337,-0.2627853408346067,-0.06808367296511053,0.29456441391379956,-0.024681566311647436,0.20779022516593335,4.594180530723944,0.35272298088586673,0.14173041685047422,-0.1613361657535285,0.02238471387694494,-0.2627853408346067,0.35272298088586673,4.539711648860835],"inverse_covariance_input":[],"mean":[-1.0691495541507947,1.6953974567963839,1.351937531878017,-0.33395854019970433,-0.21618776373710047,0.2125217227663425]}],"label":"","mixture_coeffs":[1],"parameters":{"absolute_regularization":0.2,"covariance_mode":0,"gaussians":1,"relative_regularization":0.2}},{"components":[{"bimodal":false,"covariance":[0.6616057150136705,0.13317621484136893,-0.10896421709667328,-0.007755098058745708,-0.026095411711614475,0.01025450115465132,0.13317621484136893,0.8771630199209606,0.18174266907425687,0.004200471238227162,-0.041712261034951424,0.01584517823956956,-0.10896421709667328,0.18174266907425687,1.6627467766214932,0.08132744088962698,-0.00854951455693673,-0.00022772584421547568,-0.007755098058745708,0.004200471238227162,0.08132744088962698,0.23014313830078023,0.0030907704287982695,-0.0015289852388170068,-0.026095411711614475,-0.041712261034951424,-0.00854951455693673,0.0030907704287982695,0.21675638996597635,0.00038159200624702345,0.01025450115465132,0.01584517823956956,-0.00022772584421547568,-0.0015289852388170068,0.00038159200624702345,0.20626569197310016],"covariance_determinant":0.008949853082878443,"covariance_determinant_input":0,"covariance_mode":0,"dimension":6,"dimension_input":0,"inverse_covariance":[1.5928585900907632,-0.2614486439161835,0.13326773413004314,0.008989323839749784,0.14668473202954274,-0.05916228938348784,-0.2614486439161835,1.2217066603692806,-0.15058964992976923,0.018914013124646967,0.1975610130678876,-0.08124422350811603,0.13326773413004314,-0.15058964992976923,0.6373579032379855,-0.21816784165143685,0.015308071291845481,0.004000916110865125,0.0089893238397498,0.018914013124646956,-0.21816784165143685,4.4232796432811305,-0.0670097288709532,0.030771672211206674,0.14668473202954277,0.1975610130678876,0.015308071291845481,-0.0670097288709532,4.670766835593743,-0.03158967585562354,-0.05916228938348784,-0.08124422350811601,0.004000916110865123,0.030771672211206674,-0.03158967585562354,4.857589327120163],"inverse_covariance_input":[],"mean":[-0.8597070860544541,0.11001080872473813,1.9373872003796642,-0.1344941105382963,-0.10249851662641896,0.12055905995263197]}],"label":"","mixture_coeffs":[1],"parameters":{"absolute_regularization":0.2,"covariance_mode":0,"gaussians":1,"relative_regularization":0.2}},{"components":[{"bimodal":false,"covariance":[0.6380543523137534,0.1539487011737395,-0.17943872571091404,-0.01726259652656175,-0.0475700747602111,-0.009019970061037151,0.1539487011737395,0.6484166472899793,-0.16381783087306126,0.005603558405507833,-0.006297779588655809,-0.011248652865087052,-0.17943872571091404,-0.16381783087306126,1.6733360327110556,-0.028149767937659442,-0.09395035042043383,0.01957576543624597,-0.01726259652656175,0.005603558405507833,-0.028149767937659442,0.22695750397721942,0.01619773026595634,0.013849707466623838,-0.0475700747602111,-0.006297779588655809,-0.09395035042043383,0.01619773026595634,0.2650453608298897,-0.007272893960134915,-0.009019970061037151,-0.011248652865087052,0.01957576543624597,0.013849707466623838,-0.007272893960134915,0.2185593296497472],"covariance_determinant":0.0077513395925217264,"covariance_determinant_input":0,"covariance_mode":0,"dimension":6,"dimension_input":0,"inverse_covariance":[1.7345923481800933,-0.3653582301150913,0.1720408478227176,0.1343634258580441,0.35653079838365703,0.04072335153284759,-0.3653582301150913,1.6618957862481947,0.12306271372219892,-0.05909423368138855,0.022902253890982053,0.0639392755199936,0.17204084782271759,0.12306271372219894,0.6442271983835366,0.07411066470981514,0.2565218875578578,-0.04042793338156314,0.13436342585804406,-0.05909423368138855,0.07411066470981512,4.461497582704524,-0.23175739574266627,-0.2945631874033838,0.3565307983836571,0.022902253890982056,0.25652188755785776,-0.23175739574266624,3.9463776145000127,0.13892457682241394,0.04072335153284759,0.06393927551999361,-0.040427933381563134,-0.2945631874033838,0.13892457682241394,4.607297987108163],"inverse_covariance_input":[],"mean":[0.24445111848917045,0.31851680400406834,1.5115851103513505,-0.12223315951250371,-0.14008577444980444,0.10911473836418364]}],"label":"","mixture_coeffs":[1],"parameters":{"absolute_regularization":0.2,"covariance_mode":0,"gaussians":1,"relative_regularization":0.2}},{"components":[{"bimodal":false,"covariance":[0.6866042359184563,0.2860104815832812,-0.23104057046900114,-0.023325682542107012,-0.01736167511260315,-0.029798693036164822,0.2860104815832812,0.893612549933058,-0.26283910279821815,-0.006919542853732627,-0.017486540107857152,-0.03299206337073245,-0.23104057046900114,-0.26283910279821815,1.5772633828169962,0.06289227633081668,-0.0941676352333312,0.0808652301936228,-0.023325682542107012,-0.006919542853732627,0.06289227633081668,0.22955890914507196,-0.02101490775654026,0.02262531732440384,-0.01736167511260315,-0.017486540107857152,-0.0941676352333312,-0.02101490775654026,0.24999428949278502,-0.02416508444851496,-0.029798693036164822,-0.03299206337073245,0.0808652301936228,0.02262531732440384,-0.02416508444851496,0.22531338477475674],"covariance_determinant":0.009235524763331242,"covariance_determinant_input":0,"covariance_mode":0,"dimension":6,"dimension_input":0,"inverse_covariance":[1.7337006747901824,-0.49647803873726115,0.1714063735250111,0.11982686020947307,0.17010349485683374,0.10128474196730027,-0.49647803873726126,1.3283671138713171,0.15314473016662378,-0.05036504673609978,0.12077218187782117,0.09189461436708107,0.17140637352501112,0.15314473016662378,0.7144010416288319,-0.1327897780646636,0.2641556161605159,-0.16964018595791006,0.1198268602094731,-0.05036504673609977,-0.13278977806466358,4.4657978726953225,0.295321440752807,-0.3606377558107368,0.17010349485683376,0.1207721818778212,0.2641556161605159,0.29532144075280686,4.1798662198324275,0.364015034241304,0.10128474196730027,0.0918946143670811,-0.16964018595791,-0.36063775581073676,0.36401503424130405,4.6012532158579225],"inverse_covariance_input":[],"mean":[0.038961533788524426,-0.1458404092122477,1.5487452800781327,-0.2201125723146629,-0.09716917751570946,0.04540223275191968]}],"label":"","mixture_coeffs":[1],"parameters":{"absolute_regularization":0.2,"covariance_mode":0,"gaussians":1,"relative_regularization":0.2}},{"components":[{"bimodal":false,"covariance":[0.5189068526457039,0.12341605642434454,-0.07537159208907901,0.01992240256731193,-0.016381406609998657,0.019476521898308542,0.12341605642434454,0.8255747145832643,-0.11975026793430346,0.003162832153467321,-0.04750779061240711,0.01747499087577731,-0.07537159208907901,-0.11975026793430346,1.268211396247745,-0.010212604347305145,-0.009401020119743487,0.006929434703597493,0.01992240256731193,0.003162832153467321,-0.010212604347305145,0.2431986401342941,-0.011637542363217545,0.01911862339845209,-0.016381406609998657,-0.04750779061240711,-0.009401020119743487,-0.011637542363217545,0.2296985353016633,-0.015600116013675294,0.019476521898308542,0.01747499087577731,0.006929434703597493,0.01911862339845209,-0.015600116013675294,0.21885246710258127],"covariance_determinant":0.006073002419983002,"covariance_determinant_input":0,"covariance_mode":0,"dimension":6,"dimension_input":0,"inverse_covariance":[2.0206654046072337,-0.2807066084100202,0.09375219406706219,-0.1432357498307118,0.07294078105477365,-0.14266909437640693,-0.2807066084100202,1.2842552136152003,0.1069958180447078,0.02777264358998247,0.24691796329610152,-0.0657776734252913,0.09375219406706219,0.1069958180447078,0.8051068879718151,0.030839144083171437,0.06056134208295028,-0.040755726228549054,-0.14323574983071183,0.027772643589982472,0.03083914408317144,4.16014298566863,0.1844218325530357,-0.340724947454435,0.07294078105477367,0.24691796329610158,0.06056134208295027,0.18442183255303574,4.4401165905913365,0.27226224777179425,-0.14266909437640693,-0.0657776734252913,-0.04075572622854905,-0.3407249474544349,0.27226224777179425,4.63770001850585],"inverse_covariance_input":[],"mean":[-0.2125370919132729,-0.5598934835964142,1.823041156470883,-0.09006441475629585,-0.08707233520623028,0.1877088490198831]}],"label":"","mixture_coeffs":[1],"parameters":{"absolute_regularization":0.2,"covariance_mode":0,"gaussians":1,"relative_regularization":0.2}},{"components":[{"bimodal":false,"covariance":[0.47324596744864544,0.02247213465744853,-0.05093801028683001,0.011392545174538846,-0.005057483734518218,0.006619765895952909,0.02247213465744853,0.8200086220578262,0.023251329841924122,-0.018170807751421596,-0.046240131754266355,-0.005459365060656204,-0.05093801028683001,0.023251329841924122,1.3401267073594352,-0.044304224708834,-0.002783060501016674,-0.006696200663172505,0.011392545174538846,-0.018170807751421596,-0.044304224708834,0.2333380272710256,-0.0043221282941554055,0.0070493134246610405,-0.005057483734518218,-0.046240131754266355,-0.002783060501016674,-0.0043221282941554055,0.23063067221969713,-0.006188325956574315,0.006619765895952909,-0.005459365060656204,-0.006696200663172505,0.0070493134246610405,-0.006188325956574315,0.206976827652119],"covariance_determinant":0.005624711635143582,"covariance_determinant_input":0,"covariance_mode":0,"dimension":6,"dimension_input":0,"inverse_covariance":[2.1278592579869566,-0.06118433951300623,0.07867666893253975,-0.0912204020049755,0.031942359857986304,-0.06306219029012344,-0.06118433951300622,1.2382609065637187,-0.019824104493924535,0.09912349760687562,0.2495622240305249,0.03806231850889216,0.07867666893253973,-0.01982410449392454,0.7541830232426524,0.13748300411974174,0.00988346540799229,0.01697346541602746,-0.09122040200497548,0.09912349760687564,0.13748300411974174,4.32976876989671,0.09706311924606081,-0.13458325920802713,0.031942359857986304,0.24956222403052492,0.009883465407992292,0.09706311924606081,4.392203973535869,0.13389587535164643,-0.06306219029012344,0.03806231850889216,0.01697346541602746,-0.13458325920802716,0.13389587535164643,4.843615746882377],"inverse_covariance_input":[],"mean":[-0.17701227547104625,0.18294603485792382,1.8671444349582733,-0.0667778879281495,-0.09524286965484793,0.22826370134394872]}],"label":"","mixture_coeffs":[1],"parameters":{"absolute_regularization":0.2,"covariance_mode":0,"gaussians":1,"relative_regularization":0.2}},{"components":[{"bimodal":false,"covariance":[0.48694027961495956,-0.015396676208781315,-0.015598848373242194,0.0043049805153259225,0.004654645755998053,-0.0014053158041071362,-0.015396676208781315,0.7077028503771849,-0.008961891676780527,0.0009056578840992384,-0.013379415861138692,-0.002945007542533587,-0.015598848373242194,-0.008961891676780527,1.3555804574286692,-0.0010741533028816642,-0.020000760125502417,0.0009535346651000253,0.0043049805153259225,0.0009056578840992384,-0.0010741533028816642,0.21376949368902973,-0.004421585808654662,0.005510461330859335,0.004654645755998053,-0.013379415861138692,-0.020000760125502417,-0.004421585808654662,0.2108872063728115,-0.00012390981172223225,-0.0014053158041071362,-0.002945007542533587,0.0009535346651000253,0.005510461330859335,-0.00012390981172223225,0.20656790249833212],"covariance_determinant":0.004327007921848145,"covariance_determinant_input":0,"covariance_mode":0,"dimension":6,"dimension_input":0,"inverse_covariance":[2.0566070634892326,0.04437818366465773,0.02330550140458786,-0.0427439817713997,-0.04125406557303703,0.01563205671077446,0.04437818366465774,1.415920251793232,0.011177650180440937,-0.005510652864119627,0.08980807499895478,0.02063775251003202,0.02330550140458786,0.011177650180440937,0.739077948146645,0.00473483804124294,0.07038707713225516,-0.0031778222790321037,-0.0427439817713997,-0.005510652864119626,0.004734838041242941,4.684124891663289,0.09917939258283844,-0.12528670723343585,-0.04125406557303703,0.0898080749989548,0.07038707713225516,0.09917939258283842,4.757235180433896,0.0008827017923550623,0.015632056710774455,0.02063775251003202,-0.0031778222790321037,-0.12528670723343585,0.0008827017923550622,4.844781117026765],"inverse_covariance_input":[],"mean":[-0.3166513660953744,0.18251356070105526,1.118146899310176,0.004850138319628579,0.08423675078635692,0.2087016317404785]}],"label":"","mixture_coeffs":[1],"parameters":{"absolute_regularization":0.2,"covariance_mode":0,"gaussians":1,"relative_regularization":0.2}},{"components":[{"bimodal":false,"covariance":[0.4605499654602391,0.04819356808886303,-0.020858476327628737,-0.0067768876006371135,-0.00026083159834941987,-0.004149678770014327,0.04819356808886303,0.6323975299796534,-0.005819852777177194,-0.007015725894464881,-0.0017841593340964872,-0.0030778138965401407,-0.020858476327628737,-0.005819852777177194,1.2031622029177893,-0.00788183859001318,0.008974498664006616,0.005646378586262069,-0.0067768876006371135,-0.007015725894464881,-0.00788183859001318,0.2067389529654908,-0.00160383526683759,0.000694562100466148,-0.00026083159834941987,-0.0017841593340964872,0.008974498664006616,-0.00160383526683759,0.20384983784664906,0.0009081976738018648,-0.004149678770014327,-0.0030778138965401407,0.005646378586262069,0.000694562100466148,0.0009081976738018648,0.20671296006525733],"covariance_determinant":0.0030203733078036092,"covariance_determinant_input":0,"covariance_mode":0,"dimension":6,"dimension_input":0,"inverse_covariance":[2.1917126340050546,-0.16573560393038678,0.03744749158383912,0.06751269507130903,0.00005687368144842756,0.04028007684334692,-0.16573560393038678,1.594639066678674,0.004963416817748908,0.0489106563757061,0.01382168044890812,0.020055361426402993,0.03744749158383912,0.004963416817748907,0.8324046373390238,0.032923677932972795,-0.03619885681495762,-0.02186312849094903,0.06751269507130903,0.048910656375706095,0.032923677932972795,4.842485952484997,0.03723230996242442,-0.015250263774823618,0.00005687368144842786,0.013821680448908118,-0.03619885681495762,0.03723230996242442,4.907670649909177,-0.020491343167230003,0.04028007684334692,0.02005536142640299,-0.02186312849094903,-0.015250263774823618,-0.020491343167230003,4.83947172775232],"inverse_covariance_input":[],"mean":[0.03268771254449395,-0.0021311504079947956,0.1691228497846457,0.012626728144381765,0.06211602310166195,0.024933545523428424]}],"label":"","mixture_coeffs":[1],"parameters":{"absolute_regularization":0.2,"covariance_mode":0,"gaussians":1,"relative_regularization":0.2}}],"transition":[0.9414708614349365,0.05852915346622467,0.8370619416236877,0.16293804347515106,0.647066056728363,0.35293400287628174,0.6157360672950745,0.38426393270492554,0.754252851009